31 0.10805204199118087 0.9157545316406182 0.10896689914006048 0.16032982622365494
13 0.21854585902490298 0.9080946791086044 0.10738397319544728 0.16180132096198285
40 0.32910691513051354 0.9019973265765906 0.10724949505167038 0.1586763209619825
9 0.43626678259528806 0.8937382345679203 0.10724949505167047 0.1586763209619825
22 0.5466933605571217 0.8845158820359064 0.10731673412355873 0.16023882096198286
41 0.76599721007212 0.8685059322335504 0.10559933003516882 0.15858531570031112
35 0.876491027105842 0.8608460797015367 0.1073167341235591 0.16023882096198286
5 0.9658381560306416 0.8532772324311946 0.06832368793871683 0.16023882096198286
2 0.09858393099002791 0.753391039533126 0.10731673412355883 0.16023882096198286
16 0.20907774802374998 0.7457311870011122 0.10724949505167032 0.15867632096198286
28 0.317854160969082 0.73659983973077 0.10724949505167038 0.15867632096198286
15 0.4267314325222466 0.7298122424604282 0.10889966006817212 0.15876732622365458
48 0.6476518275178024 0.7129300373964004 0.10731673412355873 0.16023882096198286
33 0.7581120250155802 0.7044889348643864 0.10731673412355873 0.16023882096198286
30 0.961087290762093 0.6893967429545382 0.07782541847581396 0.15858531570031092
11 0.9551156114991403 0.5271242561087179 0.08976877700171944 0.15867632096198286
19 0.8549450794350067 0.5331306033790598 0.10724949505167047 0.15867632096198286
43 0.5268648169746765 0.5582719004517579 0.10566656910705709 0.16014781570031095
12 0.6373586340083985 0.550612047919744 0.10731673412355873 0.16023882096198286
6 0.7445185014731732 0.5423529559110738 0.10896689914006039 0.1603298262236546
34 0.41637099994095444 0.5659317529837719 0.10724949505167028 0.15867632096198286
45 0.3075609674596782 0.5742818502541137 0.10724949505167038 0.15867632096198286
21 0.1970671504259561 0.5819417027861278 0.10724949505167038 0.15867632096198286
51 0.07628013988283021 0.4272835658414853 0.10566656910705717 0.16014781570031095
27 0.1867067178446638 0.4180612133094714 0.10889966006817202 0.15876732622365458
7 0.29720053487838594 0.4104013607774575 0.10559933003516872 0.15858531570031092
53 0.4060105673596622 0.4020512635071155 0.10724949505167028 0.15867632096198286
18 0.5165043843933842 0.39439141097510155 0.10724949505167047 0.15867632096198286
26 0.734158068891881 0.3784724664344175 0.10724949505167047 0.15867632096198286
32 0.6253480364106047 0.38682256370475954 0.10724949505167047 0.15867632096198275
42 0.844651885925603 0.3708126139024036 0.10724949505167028 0.15867632096198286
10 0.949918585440522 0.3632437666320616 0.10016282911895602 0.16023882096198286
17 0.06667755073790031 0.2617950737339931 0.10724949505167035 0.15867632096198286
1 0.17717136777162243 0.2541352212019792 0.10731673412355883 0.16023882096198278
20 0.2876651848053445 0.24647536866996528 0.10724949505167028 0.15867632096198286
0 0.3964079782147323 0.23656277139962328 0.10731673412355873 0.16023882096198286
50 0.5069690343203427 0.23046541886760935 0.10903413821194902 0.1618923262236546
36 0.6157454472656747 0.2213340715972673 0.10559933003516882 0.15858531570031092
37 0.724555479746951 0.21298397432692528 0.10566656910705709 0.16014781570031095
8 0.8342242142724223 0.20536962442574733 0.10566656910705709 0.16014781570031095
29 0.9430678662896428 0.19780077715540528 0.10566656910705746 0.16014781570031095
25 0.057900044101221244 0.09626107899566491 0.1055993300351687 0.15858531570031095
39 0.1666764570465532 0.08712973172532287 0.10559933003516868 0.15858531570031095
38 0.2772375131521638 0.08103237919330898 0.10559933003516864 0.15858531570031095
24 0.38604754563343996 0.07640084620197916 0.10731673412355892 0.15280169240395833
23 0.49482395857877187 0.07103117125139019 0.10553209096328017 0.14206234250278038
47 0.6037348496678808 0.06844137393163713 0.10724949505167047 0.13688274786327426
44 0.7141278080937703 0.06383019766563018 0.10731673412355873 0.12766039533126036
3 0.8246216251274925 0.06000027139962324 0.10731673412355873 0.12000054279924648
49 0.9351154421612146 0.05575696881819834 0.10559933003516844 0.11151393763639668
14 0.0882907374806241 0.5910730500564697 0.10896689914006048 0.1603298262236546
46 0.5372252495559687 0.7221523899284141 0.10724949505167047 0.15867632096198286
4 0.8670229161046891 0.6984825875940445 0.10724949505167047 0.15867632096198286
52 0.6556042516462306 0.8785095347655643 0.10731673412355873 0.16023882096198286