31 0.11445613259197002 0.9264297593056249 0.11397936962647612 0.14393839867609232
13 0.22572704715456632 0.9168299733259795 0.11255965271250475 0.15324062406898661
40 0.33624969524308845 0.9103915746498871 0.11263646874668144 0.15636562406898663
9 0.44258931876472396 0.9017913624915593 0.11279010081503493 0.1626156240689866
22 0.5529391307763485 0.8883217138154669 0.11282850883212324 0.16417812406898663
41 0.7712211193004775 0.8638353283739407 0.11113993579853329 0.16254284946188058
35 0.8816093393291904 0.8519281796978483 0.11282850883212324 0.16417812406898663
5 0.96696656996267 0.8406032278786026 0.06606686007465983 0.16315927956950455
2 0.09998527831859255 0.7745590442518131 0.11282850883212334 0.16417812406898663
16 0.2095484158390546 0.7626882828792734 0.11279010081503493 0.1626156240689866
28 0.31824806283417745 0.7492914088102868 0.11279010081503493 0.1626156240689866
15 0.42702452586347706 0.7390195347413003 0.11444026583153659 0.1626883986760923
48 0.6469182713870194 0.7128978746926683 0.11282850883212324 0.16417812406898663
33 0.7573064914157321 0.700990726016576 0.11282850883212324 0.16417812406898663
30 0.9591745715077744 0.6760141890034732 0.08165085698445118 0.16210620181924557
11 0.9497708160534656 0.5154769493425555 0.10045836789306885 0.1626156240689866
19 0.8479853019933998 0.525712436107989 0.11279010081503513 0.1626156240689866
43 0.5210036664741479 0.5635956956185018 0.1111783438156216 0.16410534946188077
12 0.6305475999860657 0.5509436842459623 0.11282850883212324 0.16417812406898663
6 0.7376354899817753 0.5391820847840816 0.11447867384862508 0.1642508986760925
34 0.4106154464454351 0.5755028442945942 0.11279010081503493 0.1626156240689866
45 0.3018773914332239 0.5873372183635809 0.11279010081503493 0.1626156240689866
21 0.19233345792130602 0.5999892297361203 0.11279010081503499 0.1626156240689866
51 0.06557456649163955 0.44994218796550667 0.11117834381562171 0.16410534946188077
27 0.17592437850326406 0.4364725392894142 0.11444026583153663 0.1626883986760923
7 0.28631259853197694 0.4245653906133218 0.11113993579853329 0.16254284946188075
53 0.3942255710359373 0.4127674038478881 0.11279010081503493 0.1626156240689866
18 0.5045945870561059 0.40007900517179573 0.11279010081503493 0.1626156240689866
26 0.7212456145722776 0.3764466443373754 0.11279010081503493 0.1626156240689866
32 0.6133326420683172 0.3882446311028091 0.11279010081503513 0.1626156240689866
42 0.8316146305924463 0.363758245661283 0.11279010081503513 0.1626156240689866
10 0.9403526856046573 0.35192387159229643 0.11282850883212361 0.16417812406898663
17 0.05572773912251583 0.2845718990903772 0.10123894569952344 0.16210620181924557
1 0.1595345030937663 0.2737370988427082 0.11282850883212334 0.16417812406898663
20 0.26990351911393495 0.26104870016661574 0.11279010081503493 0.1626156240689866
0 0.3786031661090578 0.24765182609762917 0.11282850883212334 0.16417812406898663
50 0.4882047116466082 0.2373435647250896 0.11451708186571338 0.1658133986760925
36 0.5969043586417311 0.22394669065610304 0.11113993579853347 0.16254284946188075
37 0.7056232096453982 0.21133106658711648 0.1111783438156216 0.16410534946188077
8 0.8151863471658601 0.19946030521457694 0.11117834381562178 0.1641053494618807
29 0.9239244021780714 0.18762593114559034 0.1111783438156216 0.16410534946188077
25 0.04588091175339211 0.11920161021524771 0.08968779058401187 0.16159677956950458
39 0.1430486076415476 0.10709540839600211 0.11113993579853333 0.16254284946188075
38 0.2534752356873488 0.09675075971990968 0.11113993579853329 0.16254284946188075
24 0.36221329069956 0.08491638565092309 0.11282850883212343 0.1641781240689866
23 0.47006865117788793 0.0756324118082149 0.11110152778144498 0.1512648236164298
47 0.5788451142071874 0.07090529342549808 0.11279010081503493 0.14181058685099615
44 0.6883890477191054 0.06418866273922831 0.11275169279794664 0.12837732547845662
3 0.7988732877905391 0.05862571340118209 0.11259806072959305 0.11725142680236418
49 0.9084940373366337 0.05150026406313586 0.11071744761056121 0.10300052812627172
14 0.08363381092618317 0.6133861038051069 0.114478673848625 0.1642508986760925
46 0.5365684593753949 0.7263675233687608 0.11279010081503493 0.1626156240689866
4 0.8652386679282369 0.6899739892511423 0.11279010081503513 0.1626156240689866
52 0.661715593805648 0.8780498397464802 0.11282850883212324 0.16417812406898663