55 1 0.6100835484375 0.9960158708333334 0.3424975484375 0.22255443125 0.373822640625 0.24622465 0.7170100625 1 0.7066000875 1 0.6100835484375
20 0.9457567520833333 0.6965756703125 0.9412669124999999 0.6194196843750001 0.77231884375 0.6231275593750001 0.7764167229166666 0.699219209375 0.9457567520833333 0.6965756703125
0 0.9428011812499999 0.6106962484375 0.94143796875 0.5317107 0.7685302479166667 0.5358040984375 0.7726759083333333 0.613414078125 0.9428011812499999 0.6106962484375
42 0.9415542125 0.523892378125 0.9392419395833334 0.44232675312499997 0.7652455875 0.44861934843749995 0.7682609229166667 0.5271273984375 0.9415542125 0.523892378125
21 0.93802004375 0.43334919843749997 0.9365217875 0.3546929859375 0.7624850479166666 0.35968441875 0.7667243166666666 0.44033111406250003 0.93802004375 0.43334919843749997
37 0.7646447416666666 0.700569334375 0.76073654375 0.6228446984375 0.5924411333333333 0.6263830859375 0.5965322729166667 0.7022575484375 0.7646447416666666 0.700569334375
24 0.7604806854166667 0.6146018843750001 0.75578396875 0.5378743187499999 0.5886586520833333 0.5418167890625 0.5950225979166667 0.6163290296875 0.7604806854166667 0.6146018843750001
51 0.7556595395833334 0.5276747328125 0.7530638333333334 0.4502410390625 0.5854009229166667 0.455499809375 0.58833545625 0.5314045578125 0.7556595395833334 0.5276747328125
27 0.75513569375 0.44085192656250005 0.75090819375 0.3621582546875 0.5810135270833333 0.37008087968750003 0.5851315979166666 0.4468231109375 0.75513569375 0.44085192656250005
39 0.5873776958333334 0.7024972609375 0.58247901875 0.626209709375 0.42233373333333335 0.6312716265625 0.42524134375 0.7063090953125 0.5873776958333334 0.7024972609375
9 0.5833055708333333 0.6179385515625 0.57751364375 0.5408059171875 0.4174215645833333 0.5476028984375 0.4214588458333333 0.6217423140625 0.5833055708333333 0.6179385515625
17 0.5777535395833334 0.5323332453125 0.5731531833333333 0.4562547546875 0.41358520833333334 0.4613010671875 0.4182549875 0.53716086875 0.5777535395833334 0.5323332453125
1 0.5743702104166667 0.446670665625 0.5704734375 0.369922640625 0.40576904166666666 0.3772746328125 0.41277830625 0.45394115625 0.5743702104166667 0.446670665625
28 0.4159973041666667 0.7075280625 0.41008463958333335 0.6307239 0.25394610208333335 0.634378190625 0.25741887291666665 0.708966625 0.4159973041666667 0.7075280625
15 0.4097383145833334 0.6224834546875 0.40693399166666666 0.5478775171875 0.2473262791666667 0.55162265 0.2542816875 0.6265541265625 0.4097383145833334 0.6224834546875
25 0.40495989583333336 0.5384859140625 0.40082547500000004 0.46293789375000005 0.24299275416666666 0.46793925625000005 0.24645205625 0.54209380625 0.40495989583333336 0.5384859140625
38 0.40161089583333337 0.4539082671875 0.39701605625 0.3775038296875 0.23401931458333333 0.3839426359375 0.2398322375 0.45933826718750004 0.40161089583333337 0.4539082671875