35 0.07498875833333334 0.323623571875 0.07163112708333334 0.401533725 0.24003863541666667 0.393492271875 0.24088933125 0.315863965625 0.07498875833333334 0.323623571875
36 0.07186117708333332 0.4106584 0.06950920833333334 0.489152971875 0.23914684375 0.479974946875 0.23893229791666667 0.403059775 0.07186117708333332 0.4106584
8 0.06771646041666667 0.49871759375 0.06577569791666667 0.577872378125 0.23729482916666667 0.5685322703125 0.239196175 0.48969907187499995 0.06771646041666667 0.49871759375
29 0.06524567291666666 0.586717953125 0.06307134791666666 0.668598075 0.23466319375 0.659323665625 0.23660877083333334 0.5789015 0.06524567291666666 0.586717953125
38 0.2521765166666667 0.3158336671875 0.25141922916666665 0.393534265625 0.41650467916666667 0.3852864359375 0.41871747291666667 0.3082910484375 0.2521765166666667 0.3158336671875
37 0.2522531083333333 0.40218121250000005 0.25166965416666665 0.4810294 0.418135775 0.4726184265625 0.41874637708333334 0.39511935781249996 0.2522531083333333 0.40218121250000005
24 0.250633875 0.4895265734375 0.24974397916666666 0.5688913515625 0.41608290833333333 0.56104676875 0.4175497083333333 0.481716471875 0.250633875 0.4895265734375
23 0.24815578124999998 0.57784009375 0.24721620625000001 0.6595022046875 0.41776608958333333 0.648937928125 0.41667747916666664 0.5697337359375 0.24815578124999998 0.57784009375
44 0.4292066729166667 0.3080989703125 0.4313818833333333 0.38455735625 0.5975020958333332 0.3755067984375 0.5968584187499999 0.2991188296875 0.4292066729166667 0.3080989703125
3 0.43053805208333334 0.3944027796875 0.4299703020833333 0.4722425015625 0.5968609020833333 0.4636992703125 0.5964017625 0.38585001406249997 0.43053805208333334 0.3944027796875
49 0.4297776875 0.48077949531249997 0.43092524583333336 0.56083505 0.5989751166666667 0.55195898125 0.5967734791666667 0.47297586562499994 0.4297776875 0.48077949531249997
14 0.5998763604166667 0.6412342843750001 0.5981234166666667 0.5622813468750001 0.43138367916666664 0.5694668125 0.4298024958333333 0.5693191703125 0.42995564583333334 0.6501507015625 0.5998763604166667 0.6412342843750001
0 0.6092166479166666 0.298070575 0.60974725 0.3749503625 0.7759315875 0.36775793437500004 0.7744399041666666 0.29050467343749997 0.6092166479166666 0.298070575
2 0.6087735124999999 0.385478759375 0.6095412416666667 0.46283084687500003 0.7792175729166666 0.45450683906249995 0.77687563125 0.3755354359375 0.6087735124999999 0.385478759375
42 0.6097511395833333 0.47231689374999997 0.6107756083333334 0.550082596875 0.7805150687500001 0.543826815625 0.7782356354166667 0.464186003125 0.6097511395833333 0.47231689374999997
21 0.6093654374999999 0.5605574843750001 0.6127764479166667 0.6427561546875 0.784438925 0.6336089312500001 0.7816940416666667 0.5532878593749999 0.6093654374999999 0.5605574843750001
62 0.0192405 0.3186417890625 0.005077372916666667 0.681654846875 0.7990673375 0.645276975 0.7882050979166666 0.28135279375 0.0192405 0.3186417890625