54 0.7431013541666667 0.098507290625 0.19557715416666666 0.15176583906250002 0.25724685625 0.839452271875 0.8594356229166666 0.793853159375 0.7431013541666667 0.098507290625
14 0.7411769416666666 0.14948830156249998 0.6147955104166667 0.15982341718749998 0.6379590166666667 0.3052328265625 0.75950794375 0.2942253734375 0.7411769416666666 0.14948830156249998
13 0.60292854375 0.16161682187499998 0.47853752916666664 0.173396665625 0.4993075604166667 0.3155511703125 0.6216329041666667 0.305466871875 0.60292854375 0.16161682187499998
39 0.4669490645833333 0.172349709375 0.34785372291666666 0.1845937078125 0.3627283291666667 0.32669623593749997 0.48285293333333335 0.31481384375 0.4669490645833333 0.172349709375
9 0.33202054583333335 0.1848445546875 0.21198662083333333 0.196175996875 0.22861220000000002 0.3366770625 0.3456257979166667 0.3260071265625 0.33202054583333335 0.1848445546875
2 0.7607787395833333 0.30383071250000004 0.6404844104166667 0.31443025156250004 0.6611205895833333 0.4605184578125 0.7827980270833332 0.45048237343749997 0.7607787395833333 0.30383071250000004
16 0.62244998125 0.315351821875 0.5026093708333333 0.32567175000000004 0.5200060291666666 0.47200103593750004 0.6429149875 0.46138259374999996 0.62244998125 0.315351821875
28 0.4855802583333333 0.32553757031249997 0.3628549104166667 0.337543828125 0.38057815625 0.48139622812500005 0.5041350833333333 0.47073005312499994 0.4855802583333333 0.32553757031249997
15 0.34887126041666666 0.33693813906250003 0.22737868333333333 0.347135159375 0.24374189791666667 0.4905985515625 0.36444478124999996 0.48308708281249996 0.34887126041666666 0.33693813906250003
42 0.7857219812499999 0.4614559609375 0.65911065625 0.47005339843750005 0.6844695604166666 0.6221659640625 0.8122351645833333 0.613638671875 0.7857219812499999 0.4614559609375
21 0.64553238125 0.47127538125 0.51922768125 0.48095410312500003 0.5434192270833333 0.6341339875 0.66943925625 0.6223035734375 0.64553238125 0.47127538125
45 0.5072036229166667 0.482796490625 0.38122412708333336 0.4912242296875 0.401464025 0.6442079703125 0.5269646 0.6333966609374999 0.5072036229166667 0.482796490625
33 0.36871414166666666 0.4931027796875 0.23998105416666665 0.501735440625 0.25633352708333335 0.6550084796875 0.38312991041666666 0.6441007375 0.36871414166666666 0.4931027796875
51 0.8149494374999999 0.6267364546875 0.684269425 0.63548946875 0.7091035375000001 0.7935262015625 0.8371315666666667 0.78203706875 0.8149494374999999 0.6267364546875
27 0.6720891125 0.6349144578125 0.54341729375 0.6440102078125001 0.5631324000000001 0.8029181171875001 0.6943998854166666 0.7911874140624999 0.6720891125 0.6349144578125
7 0.5284992708333334 0.6437601421875 0.40094263541666664 0.6551032921875 0.41644906875000004 0.8118723187500001 0.5510149604166668 0.8052910421874999 0.5284992708333334 0.6437601421875
53 0.3851505083333333 0.6544280546875 0.2596995645833333 0.665614503125 0.2724858666666667 0.821605025 0.4037480145833333 0.8147793906249999 0.3851505083333333 0.6544280546875