61 0.2573048520833333 0.8821761578125 0.7845974166666667 0.88949461875 0.8437229604166667 0.26594233749999996 0.32450511875000004 0.24733805000000003 0.2573048520833333 0.8821761578125
6 0.6613167625 0.8426344140625 0.7746884416666667 0.8450116 0.7884802625 0.7079674781249999 0.6747549 0.7059967109375 0.6613167625 0.8426344140625
19 0.5359209729166667 0.840073465625 0.6479325874999999 0.843292975 0.6610996833333334 0.705877371875 0.5480586479166667 0.703423909375 0.5359209729166667 0.840073465625
11 0.4092587645833333 0.83701276875 0.5220321395833333 0.8409709781249999 0.533787225 0.70281099375 0.42084835833333334 0.6988933671875001 0.4092587645833333 0.83701276875
50 0.28050956666666665 0.8358875703124999 0.39459126666666666 0.837413821875 0.4064406916666667 0.7002329984375 0.2941520729166667 0.69632105 0.28050956666666665 0.8358875703124999
26 0.6761227333333333 0.69571856875 0.7889333208333333 0.6991434640625 0.799180375 0.5639463546875 0.6874398374999999 0.5615042546875 0.6761227333333333 0.69571856875
41 0.55072929375 0.6931239203125 0.6622626604166667 0.6962038875000001 0.6732048104166667 0.5603697515625 0.5634831062500001 0.55696891875 0.55072929375 0.6931239203125
10 0.4215341791666667 0.6890647109375 0.53649000625 0.6920504640625 0.5492457625 0.5558676218749999 0.4368208979166667 0.553908221875 0.4215341791666667 0.6890647109375
25 0.29411955625 0.687462496875 0.40986194583333335 0.6885004109375 0.42583479583333333 0.552835340625 0.3089944375 0.5488836171875 0.29411955625 0.687462496875
36 0.6855951375 0.550642896875 0.8023653875 0.553268225 0.8203912958333334 0.4184850796875 0.7035850166666666 0.41404497500000004 0.6855951375 0.550642896875
8 0.56228865625 0.5461132421875 0.675737325 0.5497181734375001 0.6911304458333334 0.41536795625 0.5782256229166667 0.4109624375 0.56228865625 0.5461132421875
29 0.43815931875 0.5440515515625 0.5506496895833333 0.5474032796875 0.5638520333333333 0.4118136859375 0.4515634145833333 0.4079017421875 0.43815931875 0.5440515515625
47 0.3109149854166667 0.5400089 0.4240216291666667 0.5438532265625 0.4365055 0.4092356890625 0.3230185479166667 0.4038482140625 0.3109149854166667 0.5400089
44 0.7054010458333334 0.406668121875 0.8197337166666667 0.40925993125 0.8291430145833334 0.27441320937499997 0.7174365208333333 0.2714832203125 0.7054010458333334 0.406668121875
3 0.5787728833333333 0.40311953437500003 0.6931056541666667 0.405709878125 0.7050477229166667 0.27186362656249996 0.5920066895833334 0.2694101625 0.5787728833333333 0.40311953437500003
49 0.4515625916666667 0.3985889921875 0.5656221833333334 0.40276319843749997 0.58040438125 0.2678437078125 0.46486452083333335 0.2639033484375 0.4515625916666667 0.3985889921875
18 0.32496850625 0.394552025 0.4398921291666667 0.3979992984375 0.4518254729166667 0.2642780703125 0.33823635625000004 0.2603547609375 0.32496850625 0.394552025