60 0.9087670875 0.7285814234375 0.9266705125 0.40041509375000006 0.20995293541666668 0.3580294671875 0.1884943354166667 0.7013764859375 0.9087670875 0.7285814234375
45 0.8582003458333334 0.7188445031249999 0.86121539375 0.6458669734375 0.7098606833333334 0.6390500984374999 0.7051599770833333 0.7117542203125 0.8582003458333334 0.7188445031249999
33 0.86328334375 0.6381533859374999 0.8669388312499999 0.566102034375 0.71380373125 0.5577602578125 0.711883775 0.6313339625000001 0.86328334375 0.6381533859374999
43 0.8688884604166667 0.5583817265625 0.87079929375 0.48587497031250004 0.7171922083333333 0.4775063859375 0.7154099312500001 0.5493083078125001 0.8688884604166667 0.5583817265625
12 0.8714602270833333 0.47736933437499995 0.8764683249999999 0.4068185875 0.7238333854166666 0.398149396875 0.7191608583333333 0.4704992953125 0.8714602270833333 0.47736933437499995
7 0.6956024125 0.710499734375 0.6998354625 0.638124875 0.5485351541666666 0.6305994453125 0.5441975854166666 0.704747971875 0.6956024125 0.710499734375
53 0.7012075645833333 0.6307275875 0.703305875 0.5568081890625 0.5542317125 0.5511888015624999 0.5477237416666667 0.6227223171875 0.7012075645833333 0.6307275875
18 0.7051774895833333 0.54908345 0.7103646291666668 0.478186559375 0.5577021645833333 0.4698716296875 0.5521394604166667 0.5414588328125001 0.7051774895833333 0.54908345
31 0.7095318958333333 0.470130065625 0.7147534354166667 0.3972778609375 0.56248098125 0.39005303593749996 0.5578353687500001 0.46204815468750005 0.7095318958333333 0.470130065625
20 0.5339805625 0.7048793234375 0.53754709375 0.630687003125 0.379966125 0.6245849453125001 0.37704645833333333 0.6988140031250001 0.5339805625 0.7048793234375
0 0.5386096708333333 0.6223823328125 0.5428805208333334 0.549831953125 0.38732780208333334 0.542065 0.3839355 0.6162672171875 0.5386096708333333 0.6223823328125
50 0.5436238291666666 0.542577109375 0.5471591729166666 0.470340778125 0.3916615479166667 0.4618648171875 0.39035190625 0.5336935828125 0.5436238291666666 0.542577109375
35 0.5468995375 0.4622282453125 0.5515197979166667 0.3897862984375 0.3980228625 0.3800001921875 0.393767225 0.45308590468750004 0.5468995375 0.4622282453125
37 0.36705313333333334 0.6978901015625001 0.37180889375 0.6244774625 0.21000242708333333 0.617779096875 0.20599981666666667 0.693726253125 0.36705313333333334 0.6978901015625001
24 0.37288485833333335 0.6160844765625 0.37767004375 0.5429402515625 0.21497405416666665 0.5354792265625 0.21266404791666668 0.607963309375 0.37288485833333335 0.6160844765625
23 0.37744577916666666 0.5344734140625 0.3840038291666667 0.4614298828125 0.2223075125 0.453313990625 0.22047014375 0.5258249203124999 0.37744577916666666 0.5344734140625
47 0.3837106875 0.45384942656250005 0.38600193125 0.3807412203125 0.228778975 0.370031840625 0.22546929583333333 0.4431707921875 0.3837106875 0.45384942656250005