55 0.21348005833333333 0.268550371875 0.1916232375 0.6020803640625 0.8861003479166667 0.6204391578124999 0.9434804124999999 0.2936339703125 0.21348005833333333 0.268550371875
20 0.7300108229166666 0.295907590625 0.7170272770833334 0.3716271953125 0.871018225 0.3756967484375 0.8841185229166667 0.30120579687500004 0.7300108229166666 0.295907590625
0 0.7162857125 0.3784648703125 0.7061429479166667 0.45198512031250004 0.8593395833333334 0.45537661093750004 0.8703354229166667 0.38327126875 0.7162857125 0.3784648703125
42 0.7052954499999999 0.45979960625 0.6949323979166666 0.5313529828125 0.8464703333333333 0.534040390625 0.8583511 0.4637586359375 0.7052954499999999 0.45979960625
21 0.693582125 0.53980525625 0.6836428229166667 0.607451390625 0.8325158729166666 0.610710278125 0.8455064458333333 0.5421776640625 0.693582125 0.53980525625
37 0.5632517729166667 0.292753365625 0.5552358479166667 0.366665203125 0.7075680999999999 0.37003067343749996 0.7180658083333333 0.296521309375 0.5632517729166667 0.292753365625
24 0.5543530145833333 0.37480545468750004 0.5461520791666667 0.446425140625 0.6965778875 0.45136491875000007 0.7069424729166667 0.3790770375 0.5543530145833333 0.37480545468750004
51 0.5442983874999999 0.45551518281250003 0.5363093270833333 0.5251812499999999 0.6859414166666667 0.5294434765625 0.6962599291666667 0.4575623765625 0.5442983874999999 0.45551518281250003
27 0.5349943333333333 0.533308246875 0.52531065 0.6025954890625 0.6757717354166667 0.607209990625 0.6844080291666667 0.53682873125 0.5349943333333333 0.533308246875
39 0.3969164708333333 0.2856918953125 0.39005641875 0.36094609218749996 0.5445148604166667 0.36470313125 0.55318239375 0.291056290625 0.3969164708333333 0.2856918953125
9 0.39007389375 0.36878710625 0.3826666770833333 0.44108434374999994 0.5347864604166667 0.446402925 0.5441335791666667 0.374492034375 0.39007389375 0.36878710625
17 0.38211007291666665 0.450214659375 0.37437663125 0.5215218328125 0.5259145666666667 0.5242092421875 0.5360673291666667 0.4538744921875 0.38211007291666665 0.450214659375
1 0.37403863541666665 0.5300051531250001 0.36622552291666666 0.5980428515625 0.5172959645833334 0.601042775 0.5247904 0.5323416015625 0.37403863541666665 0.5300051531250001
28 0.22739432708333332 0.27787947968750004 0.22428448124999997 0.3545551109375 0.37968692083333333 0.36160813125 0.38631281666666667 0.283896603125 0.22739432708333332 0.27787947968750004
15 0.22329571041666665 0.3636721734375 0.21758246874999998 0.4363482140625 0.37330277291666664 0.4404703109375 0.37979134375 0.369043615625 0.22329571041666665 0.3636721734375
25 0.21626752500000002 0.4444747203125 0.212928275 0.5152634515625001 0.36601897083333335 0.5196317515625 0.37429596666666665 0.44972999375 0.21626752500000002 0.4444747203125
38 0.2114367375 0.525018303125 0.20370329375 0.5963254765625 0.3597766854166667 0.5971918640625 0.36478343125 0.527434334375 0.2114367375 0.525018303125