59 0.2708333333333333 0.671056153125 0.6510416666666666 0.6665014640625 0.6440970041666667 0.20828515625000002 0.2647571604166667 0.215006346875 0.2708333333333333 0.671056153125
33 0.2799479166666667 0.3487192390625 0.3644388020833333 0.3491528328125 0.3603880208333334 0.248079590625 0.27777799583333335 0.24858935468749999 0.2799479166666667 0.3487192390625
43 0.3731191395833333 0.3500205078125 0.45645247291666663 0.3504541015625 0.45298046875 0.2476459953125 0.3682005208333334 0.24858935468749999 0.3731191395833333 0.3500205078125
12 0.4628183604166667 0.3478515625 0.5455729166666666 0.3495869140625 0.5426796875 0.2476459953125 0.4600696625 0.248046875 0.4628183604166667 0.3478515625
6 0.5536744791666667 0.34741796875 0.6352721354166667 0.34741796875 0.6341145833333334 0.24721191406249998 0.5526621083333333 0.24696191406249998 0.5536744791666667 0.34741796875
11 0.28515625 0.453755859375 0.36733203125 0.455057128125 0.3655963541666667 0.3557192390625 0.28067122291666663 0.3549262703125 0.28515625 0.453755859375
51 0.37485546875 0.454623534375 0.45645247291666663 0.453755859375 0.45703125 0.3539838859375 0.37326367083333334 0.35546875 0.37485546875 0.454623534375
27 0.4657115875 0.4515869140625 0.5473092458333333 0.4515869140625 0.5444153645833333 0.3531162109375 0.4622395833333333 0.353298828125 0.4657115875 0.4515869140625
7 0.5548320312499999 0.4511528328125 0.6364296875 0.45034472656249996 0.6341145833333334 0.3531162109375 0.5526621083333333 0.353298828125 0.5548320312499999 0.4511528328125
18 0.2839986979166667 0.5574912109375 0.3690683604166667 0.5574912109375 0.36675325416666665 0.45815283281249997 0.2842884125 0.4590927734375 0.2839986979166667 0.5574912109375
31 0.3760130208333334 0.556189453125 0.4593463541666667 0.5544545890625 0.45876757916666666 0.4590205078125 0.3761575520833333 0.4580078125 0.3760130208333334 0.556189453125
26 0.4674479166666667 0.554888184375 0.5484661458333334 0.5540205078125 0.5461516916666667 0.4577192390625 0.4668691395833333 0.4585869140625 0.4674479166666667 0.554888184375
41 0.5554108083333333 0.5535869140624999 0.6375865875 0.5535869140624999 0.6352721354166667 0.45511621093750004 0.5548320312499999 0.45746533125 0.5554108083333333 0.5535869140624999
17 0.2863138020833333 0.6624682609375 0.36791080625 0.6616005859375 0.36791080625 0.5631303703125 0.28515625 0.564865234375 0.2863138020833333 0.6624682609375
1 0.37716992083333334 0.6607333984375 0.4599244791666666 0.658564453125 0.46050325416666665 0.560961425 0.3765911458333333 0.5626962890625 0.37716992083333334 0.6607333984375
20 0.4697630208333334 0.660299315625 0.5513600249999999 0.658130371875 0.5484661458333334 0.560961425 0.46802669375 0.5621743171875 0.4697630208333334 0.660299315625
0 0.5588828125 0.659431640625 0.6399016916666667 0.6598657218749999 0.6370078125 0.55966015625 0.5570026041666666 0.5589194328125 0.5588828125 0.659431640625