57 0.21328125 0.74763623125 0.75390625 0.74763623125 0.7466145833333333 0.086305175 0.20703125 0.094921875 0.21328125 0.74763623125
13 0.21907552083333334 0.28452685624999996 0.3369140625 0.28355078125 0.3330078125 0.1434907234375 0.21647135416666666 0.1435546875 0.21907552083333334 0.28452685624999996
39 0.3492838541666667 0.28306298750000003 0.4684244791666667 0.2820869140625 0.4664713541666667 0.1400747078125 0.3474934895833333 0.1429443359375 0.3492838541666667 0.28306298750000003
9 0.4820963541666667 0.28111084062499997 0.6005859375 0.28111084062499997 0.5992838541666666 0.13909863281249998 0.4793294270833333 0.1380615234375 0.4820963541666667 0.28111084062499997
22 0.6142578125 0.28062255937499997 0.7333984375 0.27720654375 0.7301432291666666 0.138122559375 0.6103515625 0.138671875 0.6142578125 0.28062255937499997
40 0.22102864583333334 0.434868653125 0.3421223958333333 0.43730859375 0.3362630208333333 0.2918803703125 0.2197265625 0.2930908203125 0.22102864583333334 0.434868653125
34 0.3551432291666667 0.43438085937500004 0.4716796875 0.43438085937500004 0.4664713541666667 0.29383252031249996 0.3505859375 0.291392578125 0.3551432291666667 0.43438085937500004
5 0.4833984375 0.4334047859375 0.5999348958333334 0.43242871093749996 0.6012369791666666 0.291392578125 0.4825846354166667 0.29248046875 0.4833984375 0.4334047859375
2 0.6181640625 0.4329497078125 0.7347005208333334 0.4324619140625 0.7340494791666666 0.2889858390625 0.6144205729166666 0.291259765625 0.6181640625 0.4329497078125
28 0.22298177083333334 0.5862534171875 0.3427734375 0.5857651359375 0.3401692708333333 0.44521679687500004 0.22135416666666666 0.4444580078125 0.22298177083333334 0.5862534171875
15 0.3577473958333333 0.5833251953125 0.4736328125 0.5838129875 0.4710286458333333 0.44375292968749996 0.3544921875 0.44521679687500004 0.3577473958333333 0.5833251953125
46 0.4873046875 0.5828369140625 0.6051432291666666 0.5833251953125 0.6031901041666666 0.4432651359375 0.4842122395833333 0.44384765625 0.4873046875 0.5828369140625
48 0.6175130208333334 0.5803969734375001 0.7360026041666666 0.5803969734375001 0.7320963541666666 0.44180078125 0.6168619791666666 0.4420166015625 0.6175130208333334 0.5803969734375001
4 0.22819010416666666 0.7366616203125 0.3453776041666667 0.7366616203125 0.3414713541666667 0.5956254875 0.22298177083333334 0.59521484375 0.22819010416666666 0.7366616203125
30 0.3583984375 0.736173828125 0.4749348958333333 0.735197753125 0.4729817708333333 0.593185546875 0.3548177083333333 0.5946044921875 0.3583984375 0.736173828125
42 0.4866536458333333 0.734709471875 0.6077473958333334 0.734709471875 0.6025390625 0.5922094734375001 0.48583984375 0.5927734375 0.4866536458333333 0.734709471875
21 0.6194661458333334 0.735197753125 0.7405598958333334 0.736173828125 0.7360026041666666 0.592697265625 0.6160481770833334 0.5909423828125 0.6194661458333334 0.735197753125