45 0.22519986875 0.2793168953125 0.33522395833333335 0.277982421875 0.3379036458333333 0.1402758796875 0.22526236875 0.1432880859375 0.22519986875 0.2793168953125
33 0.34963606875 0.2777939453125 0.46257096458333335 0.27752978437500003 0.4644609375 0.138072265625 0.35100064999999997 0.1399560546875 0.34963606875 0.2777939453125
43 0.4754440104166667 0.2781181640625 0.5924140625 0.27748779218749997 0.5959557291666666 0.136146971875 0.47673828125 0.13695654375 0.4754440104166667 0.2781181640625
12 0.6065761729166667 0.2767705078125 0.7247832041666666 0.27563818281249997 0.7276712229166667 0.1344848625 0.6087161458333333 0.13551953125 0.6065761729166667 0.2767705078125
7 0.22651367083333335 0.42460302656250004 0.3354446625 0.42540869062500003 0.33508203124999997 0.28905078125 0.22348502708333334 0.288575684375 0.22651367083333335 0.42460302656250004
53 0.3490006520833333 0.425455565625 0.46060611875 0.42575390625000004 0.46269791666666665 0.28926562499999997 0.3492233083333333 0.2879091796875 0.3490006520833333 0.425455565625
18 0.47450846458333334 0.42644628906250004 0.5882486979166667 0.42765283125 0.59162565 0.286939453125 0.47584960833333334 0.28824218749999997 0.47450846458333334 0.42644628906250004
31 0.60177018125 0.427427734375 0.7176608083333333 0.42971484374999996 0.7255989583333334 0.2861245109375 0.6051425770833333 0.28757568437500003 0.60177018125 0.427427734375
20 0.22243685 0.567587890625 0.3346946604166667 0.56940234375 0.3369388020833333 0.4347861328125 0.22437369791666667 0.4341962890625 0.22243685 0.567587890625
0 0.3470013020833333 0.5702407234375 0.4579993479166667 0.5714067375 0.46065299583333336 0.437290528125 0.34877864583333335 0.43652880937500005 0.3470013020833333 0.5702407234375
50 0.473640625 0.5713950203125 0.5844160166666666 0.5731318359375 0.5876614583333333 0.4377109375 0.4740729166666667 0.43619579999999997 0.473640625 0.5713950203125
35 0.6008437499999999 0.43790283125 0.5999602854166667 0.43580664062499996 0.6007747395833333 0.573446778125 0.7159921874999999 0.5768022453125 0.7174108083333334 0.43809765624999997 0.6008437499999999 0.43790283125
37 0.33618424375 0.57983935625 0.221327475 0.5789482421875001 0.22077864583333331 0.5773613281250001 0.22099088541666667 0.5819296875 0.22274934791666665 0.7111225578125 0.3337734375 0.71286328125 0.33618424375 0.57983935625
24 0.34528580833333333 0.7139155265625 0.45754882708333333 0.7166723625 0.4578886729166667 0.5818564453125 0.3469277333333334 0.579966796875 0.34528580833333333 0.7139155265625
23 0.47019583125 0.581989990625 0.47048307291666663 0.716984375 0.5843346354166666 0.7213544921875 0.5874720041666667 0.5843325187499999 0.47019583125 0.581989990625
47 0.5958684895833334 0.720101075 0.7133958333333333 0.7237846671875 0.7192513020833334 0.5876840828125001 0.5994856770833333 0.58353125 0.5958684895833334 0.720101075
60 0.21521549583333333 0.09648632812499999 0.21618815208333333 0.0971733390625 0.20888932291666668 0.7224604484375 0.7327545583333334 0.74102734375 0.7432649729166666 0.0876943359375 0.21521549583333333 0.09648632812499999