57 0.7053545083333332 0.085570371875 0.20015351875 0.1469921578125 0.3283010875 0.7548901953125 0.828967575 0.6906428890625 0.7053545083333332 0.085570371875
13 0.7026630687500001 0.13717013125 0.5921188479166666 0.150160003125 0.6195366104166666 0.2819644375 0.7264004875 0.265301909375 0.7026630687500001 0.13717013125
39 0.5812543916666667 0.14936630312500002 0.46999292708333335 0.16387265625 0.49639133125 0.299313546875 0.6049718270833334 0.282439765625 0.5812543916666667 0.14936630312500002
9 0.45917861249999997 0.1654870703125 0.35059098541666667 0.17944453124999998 0.37629202916666665 0.3114597390625 0.48596775416666665 0.297084803125 0.45917861249999997 0.1654870703125
22 0.33666683541666664 0.1794660609375 0.22603983333333336 0.1956500859375 0.2524494875 0.32538364531249997 0.36427763333333335 0.3129382703125 0.33666683541666664 0.1794660609375
40 0.7302906749999999 0.27648750781250003 0.6212045666666667 0.29015802812499997 0.6438708833333333 0.42166882031249997 0.7525765333333333 0.40829114375 0.7302906749999999 0.27648750781250003
34 0.60760815625 0.2932317984375 0.50075131875 0.30632810625 0.5247856729166667 0.4359152875 0.6299708666666667 0.4225316640625 0.60760815625 0.2932317984375
5 0.4879574125 0.3068587015625 0.37611359375000003 0.3221051296875 0.40718747083333334 0.45170387968750003 0.5117133395833333 0.4379627046875 0.4879574125 0.3068587015625
2 0.36516653541666666 0.32306746875000003 0.2575946 0.33625177968750003 0.28488656458333333 0.46456019218750005 0.3949980895833333 0.45232607031249994 0.36516653541666666 0.32306746875000003
28 0.75659644375 0.41651641093749997 0.6487538937499999 0.43125264531249996 0.67217810625 0.55784259375 0.780970875 0.544892884375 0.75659644375 0.41651641093749997
15 0.6345206666666667 0.4326371765625 0.5262300041666667 0.44589165937499997 0.5533482729166667 0.5733435703125 0.6609095125 0.560106728125 0.6345206666666667 0.4326371765625
46 0.5129419833333333 0.4475990515625 0.40674094375000003 0.46103556250000005 0.43460575416666664 0.5892734796875 0.5392680291666667 0.5733210734374999 0.5129419833333333 0.4475990515625
48 0.396260625 0.4614093890625 0.2858465520833333 0.47503535 0.31221827291666665 0.6017012609375 0.4204389375 0.5888224515625 0.396260625 0.4614093890625
4 0.7852181479166667 0.553515525 0.6753384125 0.567607790625 0.6999449708333334 0.697124553125 0.80847628125 0.682890453125 0.7852181479166667 0.553515525
30 0.6649613062499999 0.5677658734375 0.5556756541666666 0.581895196875 0.5801943479166667 0.7109835859375 0.6878428083333333 0.6981751953125 0.6649613062499999 0.5677658734375
42 0.5442067208333333 0.583175190625 0.4376795854166666 0.598610625 0.46092881458333335 0.7243442328125 0.5698088041666666 0.711822975 0.5442067208333333 0.583175190625
21 0.4238402333333333 0.5968901734375 0.31669743333333333 0.6121825234375 0.34161399375 0.7403440765625 0.44842933125 0.7263211515625 0.4238402333333333 0.5968901734375