59 0.7397740375 0.218071971875 0.3616238375 0.20307862656250003 0.31560228541666663 0.660957346875 0.6948043770833333 0.673804015625 0.7397740375 0.218071971875
33 0.72390955625 0.2513573046875 0.6414772270833333 0.2490457015625 0.6288109666666667 0.3499895296875 0.7132015729166666 0.3513991890625 0.72390955625 0.2513573046875
43 0.6336339354166667 0.24938483749999998 0.5490721979166667 0.24659247812500001 0.5368357833333334 0.3492830921875 0.6200707145833333 0.3506675 0.6336339354166667 0.24938483749999998
12 0.5419603229166667 0.246838553125 0.45951870625 0.2446357890625 0.4479341020833333 0.34647219218749997 0.5307022458333334 0.34654274531249996 0.5419603229166667 0.246838553125
6 0.44961086041666665 0.24373422812499998 0.36826939166666667 0.24220733125 0.35856563541666664 0.3423474375 0.44003072499999996 0.34412739999999997 0.44961086041666665 0.24373422812499998
11 0.7119499520833333 0.357587921875 0.62709515 0.35652801875 0.6168882666666666 0.45578770156250004 0.6990415458333333 0.45627953593750004 0.7119499520833333 0.357587921875
51 0.6194616562499999 0.356110378125 0.5359568375 0.35279881875 0.52802361875 0.452542896875 0.6094140375 0.45519016875 0.6194616562499999 0.356110378125
27 0.5308154041666666 0.352000425 0.44878870625 0.35002530625 0.43749947708333337 0.448392890625 0.51896456875 0.4501728546875 0.5308154041666666 0.352000425
7 0.4405397833333333 0.35002795625 0.35923521875000003 0.3480686171875 0.34862978958333335 0.4452071421875 0.43002594375 0.44779488437500004 0.4405397833333333 0.35002795625
18 0.6994527083333334 0.4616332140625 0.6172020229166667 0.4588947734375 0.6064166125 0.5581423062499999 0.6913480645833334 0.5599980078125 0.6994527083333334 0.4616332140625
31 0.6078253749999999 0.45854466875 0.5252631708333333 0.4577549046875 0.5165443270833333 0.5531376015625 0.5995942791666666 0.5566895859375001 0.6078253749999999 0.45854466875
26 0.5172117625 0.4571447609375 0.43813203125 0.454547975 0.4276063520833333 0.550759646875 0.5084189395833333 0.55339429375 0.5172117625 0.4571447609375
41 0.42948745625 0.45410481875 0.34937842916666667 0.450001940625 0.3386676875 0.5483821640625 0.42070996041666664 0.5501747390625 0.42948745625 0.45410481875
17 0.6895633541666667 0.5673437875 0.6070912354166667 0.5638044265625 0.5986912270833333 0.66223465 0.68008165 0.664881921875 0.6895633541666667 0.5673437875
1 0.5984620291666667 0.56318116875 0.5148342395833333 0.559616559375 0.5070860416666666 0.657192571875 0.5895211333333333 0.6611658375 0.5984620291666667 0.56318116875
20 0.50721955625 0.5606648421875 0.42701425833333334 0.5576977453125 0.4158360770833333 0.6547641015625 0.49711549374999997 0.6587121140625001 0.50721955625 0.5606648421875
0 0.4186658583333333 0.5554703671875 0.33872744374999997 0.5544655640625 0.3272902229166667 0.6545673062499999 0.40821450625 0.655900740625 0.4186658583333333 0.5554703671875