61 0.7157994 0.244281971875 0.30170189375 0.2899914984375 0.38930774375 0.791379771875 0.81684584375 0.7441445484375 0.7157994 0.244281971875
6 0.7696963833333333 0.596814559375 0.6789727333333333 0.6071475625 0.70204338125 0.7170054718750001 0.7966490604166666 0.7078552609375001 0.7696963833333333 0.596814559375
19 0.6719245729166666 0.6058903124999999 0.5761527916666667 0.6143709562499999 0.6008546020833333 0.727606475 0.6922652270833333 0.718213403125 0.6719245729166666 0.6058903124999999
11 0.5666694125 0.61729536875 0.4773627 0.6266982343749999 0.49663265833333337 0.7389073015625 0.5898386895833333 0.7300228390625 0.5666694125 0.61729536875
50 0.46806375625 0.6276362875 0.3745576958333333 0.637068925 0.3950602375 0.7503347015624999 0.4878917020833333 0.7407992828125 0.46806375625 0.6276362875
26 0.7467196895833333 0.48138310625 0.6558630729166667 0.490941828125 0.67956819375 0.5983736390625001 0.7692479020833333 0.5888474859375 0.7467196895833333 0.48138310625
41 0.6444976937500001 0.4920883359375 0.5568072062499999 0.5017215140625 0.5789625916666666 0.6093101515625 0.66802978125 0.6000427109375 0.6444976937500001 0.4920883359375
10 0.5432425125000001 0.502302684375 0.45638595416666666 0.510671184375 0.47732368541666664 0.6203504078125001 0.5684996229166667 0.609590734375 0.5432425125000001 0.502302684375
25 0.44612019583333334 0.5121001203125 0.35694636875 0.5222767828125 0.37600202083333334 0.6301776171875 0.465427325 0.6214653140624999 0.44612019583333334 0.5121001203125
36 0.7269709604166666 0.3663861453125 0.6337821375 0.3746057359375 0.65530745 0.48464611875 0.7463230604166667 0.4744830484375 0.7269709604166666 0.3663861453125
8 0.6241659541666666 0.3767568359375 0.5354422520833333 0.38649424374999997 0.5555975229166666 0.49467750625000007 0.6442929666666667 0.48477556718750003 0.6241659541666666 0.3767568359375
29 0.5261433083333333 0.3874322953125 0.4336704625 0.39676070625 0.4555749270833333 0.5059485640625 0.54492901875 0.49529144062499997 0.5261433083333333 0.3874322953125
47 0.42508749583333333 0.3988075796875 0.3355298666666667 0.4098096640625 0.35638617708333337 0.5159544546875 0.44621083333333333 0.5057421718749999 0.42508749583333333 0.3988075796875
44 0.7055590270833334 0.2539456453125 0.6122522541666666 0.264538734375 0.6355587208333334 0.369649159375 0.7251692895833333 0.3589553328125 0.7055590270833334 0.2539456453125
3 0.60320414375 0.263877084375 0.5128127520833333 0.2761448171875 0.53501951875 0.3809723296875 0.6246800333333333 0.370569340625 0.60320414375 0.263877084375
49 0.50544726875 0.2761001328125 0.4156239479166667 0.2855551125 0.43408157291666666 0.389973628125 0.5238583520833333 0.38024765 0.50544726875 0.2761001328125
18 0.40477517916666667 0.28664950624999996 0.31416939791666665 0.2946085234375 0.33580808958333336 0.40224879218750004 0.42595213750000005 0.3916010875 0.40477517916666667 0.28664950624999996