63 0.2789117958333333 0.7433023578125 0.7350493520833333 0.7420515625 0.8310461770833334 0.178904709375 0.32585663125 0.1560338296875 0.2789117958333333 0.7433023578125
50 0.6315055833333333 0.7016684343749999 0.7287382 0.7035426124999999 0.74663966875 0.5875189984375 0.6457430104166666 0.5849584015625 0.6315055833333333 0.7016684343749999
35 0.5213923354166666 0.70294044375 0.6210807749999999 0.7019011500000001 0.6375720583333333 0.5848868625 0.5351030354166666 0.583430796875 0.5213923354166666 0.70294044375
17 0.40983714375 0.7036404359375 0.5093848666666667 0.7044190343750001 0.5246168208333333 0.584456790625 0.42310757916666664 0.5802141234375 0.40983714375 0.7036404359375
1 0.2969251375 0.7026518390625001 0.3989416520833334 0.702752690625 0.4088208520833333 0.5823251375 0.30700829166666666 0.581992625 0.2969251375 0.7026518390625001
23 0.6485369020833333 0.5776774859375 0.7465059145833333 0.582045765625 0.7638865395833334 0.46073493125000003 0.6630337625 0.45761581875 0.6485369020833333 0.5776774859375
47 0.5371972625 0.5755843609375 0.6361708541666666 0.5789821328125 0.6548189291666666 0.4581027953125 0.5538796500000001 0.45610121875000004 0.5371972625 0.5755843609375
25 0.42433209375000003 0.573999096875 0.52654761875 0.5787216953125001 0.5398114666666667 0.45538048125 0.4372565854166667 0.4550419578125 0.42433209375000003 0.573999096875
38 0.3083192708333333 0.57466055 0.4132644729166667 0.5777298484375 0.4225728666666667 0.45267729375 0.3209771625 0.4495516765625 0.3083192708333333 0.57466055
22 0.6643447416666667 0.4502837421875 0.7645843229166667 0.45172028906249995 0.7906562729166667 0.326169959375 0.6881014270833333 0.32583094687499997 0.6643447416666667 0.4502837421875
52 0.5544477354166666 0.44876215 0.6572639354166667 0.45052273125 0.6733312437500001 0.32458333125 0.5667512145833334 0.3186190703125 0.5544477354166666 0.44876215
14 0.43580977708333335 0.44492841875 0.5429985104166666 0.4502216484375 0.5589772562499999 0.32302320625 0.445971575 0.313648778125 0.43580977708333335 0.44492841875
13 0.3200996625 0.441679221875 0.42528952708333334 0.44639408906250005 0.43775674166666667 0.3141357578125 0.3280326666666667 0.31038007031250003 0.3200996625 0.441679221875
46 0.68813979375 0.31573090000000004 0.7947511145833333 0.31888770625 0.8102970895833334 0.1876674453125 0.7052035729166667 0.181716196875 0.68813979375 0.31573090000000004
48 0.5687589416666667 0.311890171875 0.6779162125 0.31576716562499996 0.6916591270833333 0.18383370937500002 0.5859091854166666 0.176758421875 0.5687589416666667 0.311890171875
2 0.4465366708333333 0.306348346875 0.5593865625000001 0.31053418593750004 0.5694368958333332 0.178291396875 0.46355656666666667 0.17289216406250002 0.4465366708333333 0.306348346875
16 0.33008362708333333 0.30309264687500004 0.4398198916666667 0.30669085156250003 0.450228975 0.17221657343750002 0.33709359791666665 0.1645177171875 0.33008362708333333 0.30309264687500004