45 0.23780013125000002 0.33505126875 0.34169531249999996 0.3305595703125 0.3374309895833333 0.20917675781249997 0.23372721458333334 0.2120043953125 0.23780013125000002 0.33505126875
33 0.35192968750000003 0.33300683593749997 0.45721614583333337 0.3304306640625 0.4520345041666667 0.205888671875 0.3498046875 0.2080102546875 0.35192968750000003 0.33300683593749997
43 0.4683782541666667 0.330114746875 0.5718802083333333 0.3265170890625 0.5677727854166666 0.20212500000000003 0.4636048166666667 0.2058173828125 0.4683782541666667 0.330114746875
12 0.6822304687499999 0.2002846671875 0.57909375 0.2037553703125 0.5779811208333334 0.20295751874999998 0.5795045583333334 0.2063251953125 0.5839121083333333 0.3266958 0.6888235666666667 0.32368945312499997 0.6822304687499999 0.2002846671875
7 0.24527604166666667 0.467080565625 0.34793359375 0.464170409375 0.3433990895833333 0.3418828125 0.24042317708333333 0.3438291015625 0.24527604166666667 0.467080565625
53 0.35997135416666665 0.464877440625 0.4626126291666666 0.46211425781250004 0.457139975 0.33912890625 0.3539192708333333 0.3414755859375 0.35997135416666665 0.464877440625
18 0.47481510416666667 0.4616264640625 0.5772766916666666 0.45952685625 0.57258268125 0.3361240234375 0.4690423166666667 0.3389560546875 0.47481510416666667 0.4616264640625
31 0.58903515625 0.4588251953125 0.6911542979166666 0.4568627921875 0.6888255208333334 0.332857421875 0.583859375 0.3359790046875 0.58903515625 0.4588251953125
20 0.24936328124999999 0.599002440625 0.35333072916666663 0.59639501875 0.3483496104166666 0.47361523437499997 0.24490364583333332 0.47614160156249996 0.24936328124999999 0.599002440625
0 0.3653033854166667 0.5960180671875001 0.4684694 0.5938603515625 0.4631126291666667 0.47130029218749997 0.36063736875 0.47362255937500003 0.3653033854166667 0.5960180671875001
50 0.48014127500000003 0.5937485359375 0.5828847666666667 0.5907944328125 0.5769342458333334 0.468333496875 0.4751490875 0.4708740234375 0.48014127500000003 0.5937485359375
35 0.5942727875 0.5907338875 0.6982070312499999 0.5872670890625 0.691515625 0.46516845625 0.5887454416666666 0.4681259765625 0.5942727875 0.5907338875
37 0.254046875 0.732177734375 0.358421875 0.72920751875 0.3545989583333334 0.6052778328125 0.24978906250000002 0.6087470703125 0.254046875 0.732177734375
24 0.37027734375 0.729630859375 0.4731380208333333 0.7259360359375 0.4678802083333334 0.6024306640625 0.36491211041666666 0.6055405265625 0.37027734375 0.729630859375
23 0.48649674583333335 0.7269541015625001 0.5890364583333334 0.723201171875 0.5837916666666667 0.599752440625 0.48034049375 0.60210546875 0.48649674583333335 0.7269541015625001
47 0.6019869791666667 0.7237216796875 0.7056731770833333 0.722771484375 0.6998880208333333 0.596884278125 0.5948528645833334 0.6000439453124999 0.6019869791666667 0.7237216796875
60 0.23955013125000002 0.74473876875 0.7210305979166667 0.7361362296875 0.6919973958333333 0.1587158203125 0.219891275 0.170498534375 0.23955013125000002 0.74473876875