54 0.18932291666666667 0.82278125 0.79453125 0.8235620109375 0.7653645833333333 0.1347158203125 0.21354166666666666 0.122265625 0.18932291666666667 0.82278125
14 0.22298177083333334 0.318229003125 0.3453776041666667 0.32018115156250004 0.3492838541666667 0.17377685468749998 0.22216796875 0.1728515625 0.22298177083333334 0.318229003125
13 0.3616536458333333 0.319205078125 0.4847005208333333 0.32018115156250004 0.4866536458333333 0.177192871875 0.361328125 0.1746826171875 0.3616536458333333 0.319205078125
39 0.5009765625 0.318229003125 0.6220703125 0.3211572265625 0.6181640625 0.1786572265625 0.498046875 0.17529296875 0.5009765625 0.318229003125
9 0.6389973958333334 0.319205078125 0.7568359375 0.3211572265625 0.7548828125 0.18012109375000002 0.6339518229166666 0.177734375 0.6389973958333334 0.319205078125
2 0.22037760416666666 0.47543652343750004 0.3427734375 0.4764125984375 0.3440755208333333 0.32952001875 0.22298177083333334 0.327880859375 0.22037760416666666 0.47543652343750004
16 0.3610026041666667 0.4759243171875 0.4847005208333333 0.477388671875 0.4827473958333333 0.33049609375 0.3621419270833333 0.3291015625 0.3610026041666667 0.4759243171875
28 0.5003255208333334 0.47494873125000003 0.6246744791666666 0.4764125984375 0.6233723958333334 0.33196045 0.4996744791666667 0.3291015625 0.5003255208333334 0.47494873125000003
15 0.6409505208333334 0.476900390625 0.7620442708333334 0.47543652343750004 0.7594401041666666 0.33147216875 0.63720703125 0.330322265625 0.6409505208333334 0.476900390625
42 0.21256510416666666 0.6399643546875 0.3408203125 0.63898828125 0.3460286458333333 0.4857514640625 0.21891276041666666 0.486572265625 0.21256510416666666 0.6399643546875
21 0.3557942708333333 0.63801220625 0.4827473958333333 0.6404521484375 0.4866536458333333 0.4862397453125 0.3597005208333333 0.4859619140625 0.3557942708333333 0.63801220625
45 0.4990234375 0.6385 0.6253255208333334 0.6399643546875 0.6253255208333334 0.4862397453125 0.4988606770833333 0.4871826171875 0.4990234375 0.6385
33 0.6435546875 0.6385 0.7711588541666666 0.6399643546875 0.7672526041666666 0.4862397453125 0.6380208333333334 0.4871826171875 0.6435546875 0.6385
51 0.2099609375 0.8093720703124999 0.3388671875 0.8113237296875001 0.3427734375 0.6522309578125001 0.21158854166666666 0.6531982421875 0.2099609375 0.8093720703124999
27 0.3531901041666667 0.807907715625 0.4853515625 0.8098598640624999 0.4840494791666667 0.650279296875 0.3548177083333333 0.6507568359375 0.3531901041666667 0.807907715625
7 0.4977213541666667 0.8113237296875001 0.6324869791666666 0.807907715625 0.6272786458333334 0.6507670890624999 0.4988606770833333 0.64892578125 0.4977213541666667 0.8113237296875001
53 0.6455078125 0.8098598640624999 0.7770182291666666 0.806931640625 0.7692057291666666 0.6507670890624999 0.6429036458333334 0.64892578125 0.6455078125 0.8098598640624999