45 0.7953274729166666 0.7061479281249999 0.6855911270833333 0.712278246875 0.6935920062500001 0.8498709968749999 0.8058110854166666 0.8419516234375 0.7953274729166666 0.7061479281249999
33 0.6712177687499999 0.713094909375 0.5584925125000001 0.718283646875 0.5674175312499999 0.8575900031250001 0.6805417333333333 0.8507614390624999 0.6712177687499999 0.713094909375
43 0.5455954125000001 0.7182576390625 0.42887015 0.72398794375 0.43629225 0.865246475 0.5552472520833334 0.8592392640625001 0.5455954125000001 0.7182576390625
12 0.41478737083333334 0.725321628125 0.29686611458333334 0.7316069890625 0.3049262333333333 0.872649828125 0.42360185208333334 0.8664293375 0.41478737083333334 0.725321628125
7 0.7827521645833334 0.5611624390625 0.6739411645833333 0.565108534375 0.6848747125 0.7012222375 0.7963216291666666 0.6968298640625 0.7827521645833334 0.5611624390625
53 0.6604042479166666 0.56565290625 0.5489625854166668 0.5702221078124999 0.55745591875 0.706573 0.670845625 0.7029786171875 0.6604042479166666 0.56565290625
18 0.5350298458333334 0.5701371578125001 0.42138657916666666 0.573892775 0.4289244770833333 0.7145177312500001 0.5444056020833333 0.708168259375 0.5350298458333334 0.5701371578125001
31 0.4079051958333333 0.57470715625 0.2920313666666667 0.5774777953125 0.2952387458333333 0.7211737984375 0.4153808625 0.7144720296875 0.4079051958333333 0.57470715625
20 0.7757368625000001 0.418239278125 0.6635264083333333 0.42132335468750004 0.6717225166666666 0.55581195625 0.7841448104166666 0.5514919203125 0.7757368625000001 0.418239278125
0 0.6511753812500001 0.4210230640625 0.5402728520833333 0.42469955625000005 0.5480213770833333 0.558706853125 0.6597673979166667 0.554588528125 0.6511753812500001 0.4210230640625
50 0.5246586812499999 0.4253933609375 0.41393418125000003 0.4284902984375 0.42119305416666664 0.5638259062500001 0.5347088062500001 0.5603849828125 0.5246586812499999 0.4253933609375
35 0.40906246458333334 0.56626335625 0.39757844166666667 0.42888927656250003 0.28229383750000003 0.4305639890625 0.2916310458333333 0.5690981203125001 0.40801796458333334 0.5642092046875 0.40906246458333334 0.56626335625
37 0.7642969666666667 0.2749586515625 0.6533238833333334 0.27806253281250004 0.6612301604166666 0.41096878437499995 0.7759636354166666 0.40684957656250004 0.7766345770833334 0.408409896875 0.7760685166666667 0.4038584453125 0.7642969666666667 0.2749586515625
24 0.6417492166666666 0.2775140984375 0.5294605020833333 0.2796575984375 0.5395732 0.4142625265625 0.6504947875 0.41131007343750003 0.6417492166666666 0.2775140984375
23 0.5272763020833333 0.41466591093750005 0.51652373125 0.2799101609375 0.4025240583333333 0.2805123578125 0.41001494791666665 0.41744164531249994 0.5272763020833333 0.41466591093750005
47 0.3911066958333333 0.282266659375 0.273490625 0.2837145296875 0.27819653541666667 0.41984250625 0.39808352083333337 0.41876548125 0.3911066958333333 0.282266659375
60 0.8184452770833333 0.8875934093750001 0.7772547770833333 0.26303532500000004 0.2528275395833333 0.2673449546875 0.29298616875 0.9200420171875001 0.8194695645833333 0.8882368515625 0.8184452770833333 0.8875934093750001