20 0.6542615354166668 0.42240445312499997 0.7324037416666667 0.4291741703125 0.7367435 0.33827558125 0.65866985 0.331269525 0.6542615354166668 0.42240445312499997
0 0.5689602416666666 0.41453948125 0.6450426604166667 0.42149783906250005 0.6501636270833333 0.3310416875 0.5726234895833334 0.32465990312500004 0.5689602416666666 0.41453948125
42 0.48196809375 0.40753216875 0.5584817020833334 0.41376409374999995 0.5642560375 0.323982384375 0.48771804583333334 0.31584624375 0.48196809375 0.40753216875
21 0.39715270625 0.400075334375 0.47262158541666666 0.40661928593749996 0.4784316875 0.31633380624999996 0.40163405416666664 0.3090761171875 0.39715270625 0.400075334375
37 0.6494506624999999 0.52096608125 0.7284788354166667 0.528387375 0.7323443979166666 0.43620128437499994 0.6530597791666667 0.42927757031249997 0.6494506624999999 0.52096608125
24 0.5633657833333333 0.5123798109375 0.6405160041666667 0.51996644375 0.6448755229166667 0.428622628125 0.5673991916666666 0.422075865625 0.5633657833333333 0.5123798109375
51 0.47752128541666666 0.5047325265625 0.55513455 0.511591125 0.5578656416666666 0.420599790625 0.48130359166666664 0.4146423796875 0.47752128541666666 0.5047325265625
27 0.3921059041666667 0.4974818765625 0.4690489833333333 0.503923828125 0.4736043375 0.4139184765625 0.3964006958333333 0.40611830781249997 0.3921059041666667 0.4974818765625
39 0.6456777291666668 0.619825375 0.7247995479166666 0.6272432109375 0.7275367437500001 0.5350535140625 0.6487362999999999 0.526961003125 0.6456777291666668 0.619825375
9 0.5583336812499999 0.6105229828125001 0.6357847062499999 0.6188332390625 0.6407009916666666 0.5260089875 0.5619071166666667 0.519511715625 0.5583336812499999 0.6105229828125001
17 0.47183355000000005 0.602432590625 0.54915249375 0.6099898125000001 0.5538898708333334 0.5185495171875 0.47740748541666667 0.5115631031250001 0.47183355000000005 0.602432590625
1 0.38701508958333336 0.5953225234375 0.4629921583333333 0.6016984515625 0.46877205 0.511185646875 0.3912959229166667 0.5034791671875001 0.38701508958333336 0.5953225234375
28 0.6412227125 0.7205595140625001 0.7220033729166667 0.729121571875 0.7256923875 0.6340743843750001 0.6452785854166667 0.6264667734375 0.6412227125 0.7205595140625001
15 0.5537375333333333 0.71126178125 0.6339529916666666 0.7196309656250001 0.6364096187499999 0.6253397859375001 0.5579685541666667 0.6179298796875 0.5537375333333333 0.71126178125
25 0.46716042500000005 0.7026982562499999 0.544214275 0.7105318328125 0.5490871395833333 0.617718759375 0.47243489375000003 0.6093485750000001 0.46716042500000005 0.7026982562499999
38 0.37985810625000005 0.6958302484375001 0.45789251458333335 0.7029071703125 0.46266979166666666 0.6083812421875 0.38540692708333335 0.60175303125 0.37985810625000005 0.6958302484375001
55 0.36837747708333335 0.7024660609375 0.7316953125 0.73631025 0.7478091854166667 0.30786665625 0.39420486875 0.2760671765625 0.36837747708333335 0.7024660609375