57 0.265625 0.721158690625 0.6944446604166666 0.714001465625 0.6579863291666667 0.2245522453125 0.26909700416666665 0.23236035156249998 0.265625 0.721158690625
13 0.2786458333333333 0.3670366203125 0.36614583333333334 0.3646943359375 0.3625 0.2659204109375 0.2786458333333333 0.26669921875 0.2786458333333333 0.3670366203125
39 0.3765625 0.3646943359375 0.4640625 0.36430371093749997 0.4583333333333333 0.2647490234375 0.375 0.26474609375 0.3765625 0.3646943359375
9 0.4744791666666667 0.3631591796875 0.5598958333333334 0.3635498046875 0.5567708333333333 0.26165234375 0.46979166666666666 0.26243310468750003 0.4744791666666667 0.3631591796875
22 0.5697916666666667 0.36198828125000004 0.6567708333333333 0.359255371875 0.6510416666666666 0.26048095781249997 0.5651041666666666 0.261328125 0.5697916666666667 0.36198828125000004
40 0.2791666666666667 0.4756513671875 0.36875 0.47408984375 0.36614583333333334 0.3718017578125 0.2786458333333333 0.37258251875 0.2791666666666667 0.4756513671875
34 0.37916666666666665 0.47408984375 0.4671875 0.47213769531249994 0.46458333333333335 0.37063037187500003 0.3756510416666667 0.37119140625 0.37916666666666665 0.47408984375
5 0.4765625 0.4729184578125 0.5635416666666667 0.47174707031249996 0.559375 0.36906884687499997 0.4739583333333333 0.37021484375 0.4765625 0.4729184578125
2 0.575 0.47057568281249995 0.6645833333333333 0.4686240234375 0.6572916666666667 0.3659458 0.5696614583333334 0.36826171875 0.575 0.47057568281249995
28 0.2786458333333333 0.59051220625 0.3703125 0.588560059375 0.36822916666666666 0.4819780265625 0.2786458333333333 0.4830078125 0.2786458333333333 0.59051220625
15 0.37916666666666665 0.5897314453125 0.4708333333333333 0.5866083984375 0.46770833333333334 0.480416015625 0.3782552083333333 0.48203125 0.37916666666666665 0.5897314453125
46 0.48125 0.5850463875 0.5708333333333333 0.5858271484375 0.5651041666666666 0.47846435625000006 0.4778645833333333 0.48056640625 0.48125 0.5850463875
48 0.5822916666666667 0.5838754890625 0.6729166666666667 0.5830942375 0.6635416666666667 0.4757314453125 0.576171875 0.4771484375 0.5822916666666667 0.5838754890625
4 0.2765625 0.7127377921875 0.3692708333333333 0.7096147453125 0.3692708333333333 0.59639501875 0.2766927083333333 0.59873046875 0.2765625 0.7127377921875
30 0.3802083333333333 0.7088334953125 0.47291666666666665 0.7064912109375 0.46927083333333336 0.5928813468749999 0.3795572916666667 0.5953125 0.3802083333333333 0.7088334953125
42 0.4859375 0.7072719734375 0.5796875 0.7049296875 0.5723958333333333 0.5909291984375 0.4817708333333333 0.59384765625 0.4859375 0.7072719734375
21 0.5890625 0.7049296875 0.6838541666666667 0.7041489249999999 0.6729166666666667 0.5901484375 0.5826822916666666 0.59189453125 0.5890625 0.7049296875