20 0.2623435270833333 0.5896449921875 0.2639706520833333 0.6482132093749999 0.38597976041666665 0.6486827374999999 0.38467554583333335 0.5900729874999999 0.2623435270833333 0.5896449921875
0 0.2620374 0.525141284375 0.26288246666666665 0.5832857609375 0.3843772916666667 0.5831540609375 0.38261646875 0.52607425 0.2620374 0.525141284375
42 0.258670175 0.46139933906249997 0.26196112083333334 0.5188672984375 0.38261867083333334 0.518220334375 0.38187223333333337 0.46084827968750003 0.258670175 0.46139933906249997
21 0.25815310625 0.39686099375 0.26024335416666666 0.45448692968750004 0.3815782520833333 0.45383382031249997 0.3803108520833333 0.39722893125000003 0.25815310625 0.39686099375
37 0.39398767291666664 0.5894563328125 0.3953845541666666 0.6489251859375 0.5190686916666667 0.649801240625 0.5169808541666667 0.590503525 0.39398767291666664 0.5894563328125
24 0.3928513625 0.525216446875 0.39392341666666664 0.5833200234375 0.5165299875 0.5837929703125 0.5140347416666666 0.5258904046875 0.3928513625 0.525216446875
51 0.39144818958333333 0.46064236562499994 0.3918226541666667 0.5180393765625 0.5137962625 0.5197135687500001 0.5123207041666666 0.461495046875 0.39144818958333333 0.46064236562499994
27 0.3884680375 0.3969141390625 0.39124359166666667 0.4548652984375 0.5120793645833334 0.4551374359375 0.5110946083333333 0.3974362109375 0.3884680375 0.3969141390625
39 0.5250700333333334 0.590214875 0.5280782270833334 0.6493699828125 0.6516552729166667 0.6510885156249999 0.6495813458333333 0.5917210328125 0.5250700333333334 0.590214875
9 0.52371848125 0.525092525 0.5245936625 0.584177634375 0.6492355687500001 0.584295359375 0.6458022958333333 0.5261387171874999 0.52371848125 0.525092525
17 0.5214680229166667 0.46168882031249997 0.5232267020833333 0.5190683515625001 0.64599979375 0.5192631624999999 0.6435606187499999 0.46123584375000004 0.5214680229166667 0.46168882031249997
1 0.5191964416666667 0.397076278125 0.5218196604166666 0.45522702812500004 0.6434556145833333 0.4546057484375 0.6424633541666667 0.3976283515625 0.5191964416666667 0.397076278125
28 0.6585039395833333 0.5916940765625001 0.6607035479166666 0.6520337765625001 0.78819695 0.6531583750000001 0.7847571333333333 0.5925058671875 0.6585039395833333 0.5916940765625001
15 0.6557453854166667 0.526168390625 0.6578762229166667 0.585027365625 0.7842362166666667 0.5870410984375 0.7809983145833334 0.5268183859375 0.6557453854166667 0.526168390625
25 0.6527512458333333 0.4619669609375 0.6563438958333333 0.519529759375 0.7809665437500001 0.5196794453125 0.7781314479166667 0.4618387453125 0.6527512458333333 0.4619669609375
38 0.6512237895833334 0.3966902484375 0.6524259520833334 0.4546377953125 0.7793300979166666 0.45492873281249996 0.7776042979166667 0.396386915625 0.6512237895833334 0.3966902484375
55 0.21473983958333334 0.3899681203125 0.222200575 0.6552329375 0.7968506708333333 0.6606867921874999 0.7876185208333334 0.38808735156249996 0.21473983958333334 0.3899681203125