56 0.21623544166666667 0.3010639703125 0.15933826875 0.6326385796875 0.8637037625 0.6777640625 0.9133328729166668 0.35752356875 0.21623544166666667 0.3010639703125
52 0.7106291104166667 0.35197361875 0.6987202979166667 0.42049302656250004 0.8483995770833332 0.43144969375000003 0.8578394479166668 0.36215468125 0.7106291104166667 0.35197361875
40 0.69952986875 0.4287524484375 0.6888483645833333 0.4987748359375 0.8373471166666667 0.5078745687499999 0.8470703125 0.439131903125 0.69952986875 0.4287524484375
34 0.6886212895833334 0.5076848640625 0.6768067625 0.5754959171875 0.8269100437500001 0.586835878125 0.8373046395833333 0.5175100421875001 0.6886212895833334 0.5076848640625
5 0.67719441875 0.5869423421875 0.6667007708333333 0.6555484671875 0.8133602895833333 0.6641786749999999 0.8257704020833334 0.595779315625 0.67719441875 0.5869423421875
48 0.5529325458333333 0.33981153750000004 0.5401750062499999 0.4075648046875 0.6889112125000001 0.418464171875 0.7014149229166667 0.3494457421875 0.5529325458333333 0.33981153750000004
32 0.5408440916666667 0.41688706093750005 0.5312928708333333 0.48555044531249997 0.6776247625 0.49665930156250004 0.6881120541666667 0.4276066375 0.5408440916666667 0.41688706093750005
4 0.5296044291666667 0.49472823750000006 0.5194412791666667 0.5644250765625001 0.66638575 0.5745005171875001 0.675987625 0.5058397453125 0.5296044291666667 0.49472823750000006
30 0.5184584020833333 0.5718610187500001 0.5065536958333333 0.6439503531249999 0.6554303833333334 0.6537868875 0.665101425 0.5837025812500001 0.5184584020833333 0.5718610187500001
12 0.3953735291666666 0.323017746875 0.382054375 0.39501991406250003 0.5325362416666667 0.40709671406250003 0.5432217604166667 0.336628425 0.3953735291666666 0.323017746875
6 0.38201450416666666 0.40251364375 0.3710521625 0.474660725 0.5187049958333333 0.48656416562500004 0.5315113145833333 0.41622583750000003 0.38201450416666666 0.40251364375
19 0.37006934583333334 0.48209618125000003 0.35910765 0.5542433015625 0.5085955479166667 0.563046828125 0.5196215916666667 0.49268824218749996 0.37006934583333334 0.48209618125000003
11 0.35623875 0.561563671875 0.3446183416666667 0.6350982015625 0.4973097458333333 0.6412419984375 0.5080287916666667 0.5714005656250001 0.35623875 0.561563671875
31 0.23002338333333333 0.3078879421875 0.21566757916666665 0.38054071875 0.3723245 0.39263909375 0.38290377291666666 0.32189631093750004 0.23002338333333333 0.3078879421875
26 0.21633673125000003 0.3898624890625 0.20513693541666667 0.460209934375 0.35990783541666665 0.4721927375 0.3721904104166667 0.40084068906250003 0.21633673125000003 0.3898624890625
41 0.20321450625 0.47115797812500004 0.19229966041666666 0.542950659375 0.3463615395833333 0.553105421875 0.3594835979166667 0.48109068749999995 0.20321450625 0.47115797812500004
10 0.19178828541666665 0.5504154953125 0.17832805833333334 0.6234799718749999 0.3333803833333333 0.6333386078125 0.3465947791666667 0.5606153953125 0.19178828541666665 0.5504154953125