35 0.6373641125 0.2650451625 0.17919710625000002 0.31166292812499996 0.2635259729166667 0.869381703125 0.7289242479166667 0.830733240625 0.6373641125 0.2650451625
35 0.3525503604166667 0.6954964078125 0.25245256666666666 0.7042593484374999 0.26846504375 0.8267452203125 0.3696625625 0.817518134375 0.3525503604166667 0.6954964078125
36 0.46403919374999997 0.6849139171874999 0.36227541041666667 0.6942514421875 0.38120420416666667 0.8157307375 0.48236322083333333 0.8072708453124999 0.46403919374999997 0.6849139171874999
8 0.5767398520833333 0.6746666265625 0.4755517604166667 0.683956265625 0.49295751666666665 0.8080712390624999 0.59691190625 0.7977423296875 0.5767398520833333 0.6746666265625
29 0.6872593354166666 0.6654732734375 0.5864050395833333 0.6729901468749999 0.6078550416666667 0.7968772171875 0.7084612479166666 0.7875913031249999 0.6872593354166666 0.6654732734375
38 0.33413269999999995 0.5683188171875 0.23500490625 0.5756925640625 0.2503150229166667 0.69732311875 0.3521544604166667 0.688520375 0.33413269999999995 0.5683188171875
37 0.4449853979166667 0.5573532359375 0.3443730020833333 0.5665949875 0.36169082291666665 0.68696705 0.46352234166666667 0.677075446875 0.4449853979166667 0.5573532359375
24 0.5557094958333334 0.545465953125 0.4530966604166667 0.557055109375 0.47378550208333337 0.6765516734375 0.5733973875 0.6674397937500001 0.5557094958333334 0.545465953125
23 0.6659266395833333 0.534116746875 0.5684338875 0.544843503125 0.5858801791666667 0.6661362984375 0.6860980479166667 0.6571925046875 0.6659266395833333 0.534116746875
44 0.31552956458333337 0.4398186875 0.21331096666666666 0.45006605625 0.23368010625 0.5683199906249999 0.33485447291666665 0.5568583453125 0.31552956458333337 0.4398186875
3 0.4238299395833333 0.4272605171875 0.327154775 0.43966426406250003 0.34513094583333337 0.5585036671875 0.44491090624999996 0.5485161062499999 0.4238299395833333 0.4272605171875
49 0.5355606666666667 0.41840290468749997 0.4357657916666666 0.42932116093749995 0.45377958749999997 0.5494659359375 0.5558246937500001 0.5379814515625 0.5355606666666667 0.41840290468749997
14 0.6471710270833333 0.4086823125 0.5472546229166666 0.41873866875 0.5664424833333332 0.5379123015625 0.662193375 0.528260875 0.6471710270833333 0.4086823125
0 0.29376695208333337 0.313702478125 0.19527522291666666 0.3214588296875 0.21431738125 0.44063525156249994 0.31136542708333337 0.4308857453125 0.29376695208333337 0.313702478125
2 0.40507432708333335 0.30182608593750004 0.30636974791666666 0.3122176421875 0.3229660208333333 0.431597521875 0.4232170354166667 0.422890084375 0.40507432708333335 0.30182608593750004
42 0.5172000083333333 0.291627115625 0.41585879166666667 0.30398250312499997 0.43562949791666666 0.42004335 0.5324641833333333 0.41293007031249995 0.5172000083333333 0.291627115625
21 0.6304158520833333 0.2809004765625 0.5271668854166667 0.29210654375 0.5467336229166667 0.4108705921875 0.6433773229166667 0.402395465625 0.6304158520833333 0.2809004765625