55 0.74249514375 0.090779853125 0.25725043124999997 0.13711552031250002 0.32152940416666664 0.7107762109375 0.7783848645833333 0.6532465984375 0.74249514375 0.090779853125
20 0.7307777041666667 0.1335005859375 0.6280424625 0.14581369375 0.6379040104166667 0.271483140625 0.7392316666666667 0.2595862109375 0.7307777041666667 0.1335005859375
0 0.6163675354166667 0.1456818 0.5111020666666667 0.15587375625 0.52159286875 0.2844538421875 0.6249434020833333 0.272344890625 0.6163675354166667 0.1456818
42 0.5006751354166666 0.1566951203125 0.39199748125 0.1678951265625 0.40545198958333334 0.29703230468749997 0.5100327541666666 0.28566269375000003 0.5006751354166666 0.1566951203125
21 0.3800639895833333 0.1698499078125 0.27524152916666667 0.180104403125 0.28696247708333333 0.3094228609375 0.3943588979166667 0.29689131562500004 0.3800639895833333 0.1698499078125
37 0.74137436875 0.26821580625 0.6378640604166667 0.2801608390625 0.64748064375 0.40536283749999996 0.7485189395833333 0.393496165625 0.74137436875 0.26821580625
24 0.6268820208333333 0.281309240625 0.5247239770833334 0.293726996875 0.5348452333333333 0.418008721875 0.634001225 0.40460389062499996 0.6268820208333333 0.281309240625
51 0.5111293020833333 0.295004590625 0.407968675 0.3059362046875 0.4198605 0.4304662875 0.5209728416666667 0.4194593703125 0.5111293020833333 0.295004590625
27 0.3953906083333333 0.30548038437499997 0.2905976520833333 0.31777629375 0.30610595 0.44366270781250006 0.40830038541666663 0.4316751390625 0.3953906083333333 0.30548038437499997
39 0.749105025 0.4003011515625 0.6475394958333334 0.4128185375 0.6589500312500001 0.5317604515625 0.7589068833333333 0.520874365625 0.749105025 0.4003011515625
9 0.63648815625 0.4131623390625 0.5338219520833333 0.42644459375 0.5475441583333333 0.5451452609375 0.6462708229166666 0.53352031875 0.63648815625 0.4131623390625
17 0.52251903125 0.42724967343750003 0.4212235458333333 0.43952011406249997 0.4325964666666666 0.55803294375 0.5335983708333334 0.5457360875 0.52251903125 0.42724967343750003
1 0.4084104083333333 0.43972497343750006 0.30620180625 0.4515480421875 0.32079823125 0.5736267984375 0.4228075708333333 0.5594900843749999 0.4084104083333333 0.43972497343750006
28 0.76080113125 0.5276323828125 0.6585763645833332 0.5409665968749999 0.6679935854166666 0.6570814406250001 0.7673353229166667 0.6458256859375 0.76080113125 0.5276323828125
15 0.6476001145833333 0.5421822515625 0.5482155854166667 0.5529411171875 0.55785490625 0.67163474375 0.6575526125 0.6577397578124999 0.6476001145833333 0.5421822515625
25 0.5357519708333334 0.555505421875 0.4351501583333333 0.56736648125 0.44641264166666667 0.6845893656250001 0.5451763083333333 0.6733940625 0.5357519708333334 0.555505421875
38 0.42308880833333334 0.5678290828125 0.32135860624999996 0.580133265625 0.33468784166666665 0.701043528125 0.435037625 0.6879473640625 0.42308880833333334 0.5678290828125