60 0.08270291874999999 0.2750948203125 0.036850552083333335 0.6034619296875 0.74920394375 0.639594446875 0.7999015229166667 0.2960135484375 0.08270291874999999 0.2750948203125
45 0.13238678958333333 0.284391478125 0.12315545 0.35740521875 0.27377041458333334 0.3629012875 0.28466234375 0.2901462703125 0.13238678958333333 0.284391478125
33 0.12043228541666666 0.365137909375 0.11064011041666667 0.4372309375 0.26290363958333335 0.44423656874999995 0.27109184375 0.370636134375 0.12043228541666666 0.365137909375
43 0.10803457291666667 0.44496931718750005 0.09994641041666667 0.5175025765625 0.2526791395833333 0.5245308953125 0.26057881250000003 0.4527036875 0.10803457291666667 0.44496931718750005
12 0.09856128333333333 0.5260151375000001 0.08754580416666666 0.59661916875 0.23928179166666666 0.6039566265625 0.25011538125 0.531556128125 0.09856128333333333 0.5260151375000001
7 0.29410296666666663 0.2913174640625 0.2837062666666667 0.36373908906249997 0.4342064958333333 0.369944284375 0.4448587666666667 0.2957478375 0.29410296666666663 0.2913174640625
53 0.281705175 0.3711493609375 0.27330934375 0.445097090625 0.4217482020833333 0.4494154265625 0.4343457375 0.37781539375 0.281705175 0.3711493609375
18 0.2707813541666667 0.45283921875 0.259557525 0.5237910078125 0.41135120000000003 0.530773915625 0.4230090333333333 0.45912844062499997 0.2707813541666667 0.45283921875
31 0.25970277708333334 0.5318413203125 0.24827793958333333 0.6047489890625 0.3997749166666667 0.610645046875 0.41055138541666664 0.5385996140625 0.25970277708333334 0.5318413203125
20 0.4550762666666667 0.2955272484375 0.4451904916666667 0.36976075937499997 0.6020861041666666 0.37448754375000004 0.6113288208333334 0.3002229375 0.4550762666666667 0.2955272484375
0 0.44342127291666666 0.37807583437500003 0.43297185208333333 0.4506733328125 0.58769945 0.4570829484375 0.5974120187499999 0.38284106093750003 0.44342127291666666 0.37807583437500003
50 0.43161103333333334 0.4579356484375 0.42192311458333337 0.530212634375 0.5765352499999999 0.5373318359375 0.58396506875 0.4654819078125 0.43161103333333334 0.4579356484375
35 0.4214910895833333 0.5383239984375 0.41070186875000003 0.6108161015625 0.5632037604166666 0.6192630968749999 0.57368360625 0.5461303265625 0.4214910895833333 0.5383239984375
37 0.6212329229166667 0.301059696875 0.6102256166666666 0.3745238078125 0.77129146875 0.3798100796875 0.7817624208333334 0.3038176859375 0.6212329229166667 0.301059696875
24 0.60843549375 0.3829273265625 0.59742166875 0.4561232421875 0.7593111145833333 0.462164509375 0.7677960979166667 0.38965043593750004 0.60843549375 0.3829273265625
23 0.59692411875 0.464589265625 0.5841478708333334 0.5376999578125 0.7449828791666667 0.5444049093750001 0.7529980125000001 0.4718681171875 0.59692411875 0.464589265625
47 0.5837946645833333 0.5452788796875 0.57527523125 0.61841699375 0.73142055 0.6277548484375 0.7409599687499999 0.5545770921875001 0.5837946645833333 0.5452788796875