35 0.29800576458333333 0.36912299531250004 0.30367850208333336 0.291439084375 0.13815151875 0.2861905984375 0.12996725416666666 0.363960046875 0.29800576458333333 0.36912299531250004
36 0.29174163333333336 0.455672003125 0.29631028958333333 0.37861875 0.12962880416666667 0.3731171609375 0.12240867916666667 0.45155087656250004 0.29174163333333336 0.455672003125
8 0.28439324375 0.5442235703125 0.291186125 0.465415328125 0.12003051875 0.460989875 0.113178425 0.54011711875 0.28439324375 0.5442235703125
29 0.2761303583333333 0.6349515453125 0.2830660333333333 0.554555303125 0.112101175 0.5489350390625 0.1048472875 0.6307735812499999 0.2761303583333333 0.6349515453125
38 0.47407145 0.374753753125 0.48105990625 0.2978106640625 0.31490933125 0.2922945890625 0.3093250229166667 0.3700582328125 0.47407145 0.374753753125
37 0.47026438125 0.4623514203125 0.47569022916666664 0.38477811093750003 0.30961698958333334 0.3787842546875 0.30413426875000005 0.45771094218749997 0.47026438125 0.4623514203125
24 0.4627241979166667 0.550758040625 0.46911568124999997 0.4714178109375 0.3025755333333333 0.4661402203125 0.29675583541666667 0.5455602625 0.4627241979166667 0.550758040625
23 0.45893418125 0.6389198453125 0.46277559999999995 0.5595053640625001 0.2946194541666667 0.5543984625 0.2886074979166667 0.6361155593750001 0.45893418125 0.6389198453125
44 0.6547429708333333 0.3791638640625 0.6588519333333333 0.3026049671875 0.49150692500000004 0.2984415015625 0.4889172145833333 0.375191128125 0.6547429708333333 0.3791638640625
3 0.6486218395833333 0.46744503593750003 0.6530052395833333 0.38943702812500003 0.48746561250000003 0.38498584375 0.4820612166666667 0.462903709375 0.6486218395833333 0.46744503593750003
49 0.6452377208333334 0.5560098 0.6479581104166667 0.4767293921875 0.48133881875 0.4714390421875 0.4775031125 0.5517108546875 0.6452377208333334 0.5560098
14 0.47742251249999995 0.5603922031249999 0.47585866875 0.5601202328125 0.47098543958333333 0.6410912015625 0.6405837437499999 0.6454965640625 0.6437486375 0.56628159375 0.47742251249999995 0.5603922031249999
0 0.8327335583333333 0.3854064140625 0.8360526895833333 0.3079143078125 0.67121156875 0.30252496875 0.6669595354166666 0.3795675859375 0.8327335583333333 0.3854064140625
2 0.8306090958333333 0.47254995624999996 0.833189175 0.39327026875 0.6653362333333334 0.39003615625 0.6612907458333334 0.46757043125 0.8306090958333333 0.47254995624999996
42 0.8263465520833333 0.5621125625000001 0.8290304354166668 0.4821673140625 0.6609097770833333 0.477087903125 0.6570939833333332 0.55505659375 0.8263465520833333 0.5621125625000001
21 0.82466808125 0.6523441578125 0.8269312125 0.5716810484375 0.6550398291666667 0.56543731875 0.65332265 0.6480332671875 0.82466808125 0.6523441578125
62 0.8384955666666667 0.665178671875 0.8503158604166666 0.299828328125 0.08300065208333333 0.276825690625 0.046340768750000004 0.6392994140625 0.8384955666666667 0.665178671875