45 0.6413722854166667 0.6877032109375001 0.62739353125 0.8166539140625 0.7317153979166666 0.817760675 0.7444203354166666 0.6901741953125 0.6413722854166667 0.6877032109375001
33 0.5101756458333333 0.8150988890624999 0.6175922791666667 0.816868878125 0.62937870625 0.68783205 0.5250352645833334 0.6855156499999999 0.5101756458333333 0.8150988890624999
43 0.3922210625 0.81269968125 0.49880911041666665 0.8148065984375 0.5134818020833333 0.6850576953124999 0.40825304791666667 0.682813559375 0.3922210625 0.81269968125
12 0.27465347291666664 0.810528253125 0.3805443020833333 0.8124031453124999 0.39741571458333336 0.683790271875 0.29288764375000004 0.681543503125 0.27465347291666664 0.810528253125
7 0.6418303604166666 0.67762955625 0.7457438666666667 0.680963303125 0.7576561145833334 0.5553465796875 0.6538970729166667 0.5534650625 0.6418303604166666 0.67762955625
53 0.52590554375 0.676216378125 0.6312359583333333 0.678538171875 0.6417508145833334 0.5531733234375 0.5403036375 0.5514952625 0.52590554375 0.676216378125
18 0.41051143333333334 0.673688040625 0.51479743125 0.6765376 0.5276970104166667 0.55098900625 0.4285188395833333 0.5488565765625 0.41051143333333334 0.673688040625
31 0.29502551666666665 0.6717247921875 0.3990164395833334 0.67299736875 0.41568542291666666 0.5493284171874999 0.3147695520833333 0.5469272703125 0.29502551666666665 0.6717247921875
20 0.6684305291666667 0.42268628281250004 0.6550046708333334 0.5444690234375 0.7579623020833334 0.5460216796874999 0.7581168916666667 0.544833890625 0.7689051166666666 0.425155696875 0.6684305291666667 0.42268628281250004
0 0.5408373062499999 0.5407629796875 0.64401625 0.54302275625 0.6559312354166666 0.42409609687499994 0.5564923125 0.4214647703125 0.5408373062499999 0.5407629796875
50 0.4291242104166667 0.5395591546875 0.5297738125 0.542144421875 0.5439041875 0.4217210640625 0.44454672916666665 0.417974025 0.4291242104166667 0.5395591546875
35 0.31393047291666665 0.538536203125 0.41703714999999997 0.540596090625 0.43202355000000003 0.419937484375 0.33063749166666667 0.416874615625 0.31393047291666665 0.538536203125
37 0.6700728458333334 0.414630553125 0.7722987041666667 0.4162222703125 0.782961625 0.2986828890625 0.6826461104166667 0.29704980625 0.6700728458333334 0.414630553125
24 0.55644183125 0.4132846078125 0.6591915187499999 0.4139550515625 0.6705661583333333 0.29636187187499996 0.5718034770833333 0.29538126875000004 0.55644183125 0.4132846078125
23 0.4467183125 0.411657775 0.5463070270833333 0.4134667796875 0.5591614020833333 0.29512450625 0.46070215000000003 0.291968121875 0.4467183125 0.411657775
47 0.33133090833333334 0.408568478125 0.43357036666666665 0.411918446875 0.44943608749999997 0.2933800078125 0.35060991666666663 0.2891617796875 0.33133090833333334 0.408568478125
60 0.25498576666666667 0.8558663 0.7399185479166667 0.8618803484375 0.7937497416666666 0.28807150625 0.3387789541666667 0.27729300156250003 0.25498576666666667 0.8558663