55 0.17165995416666666 0.8245817640625001 0.7471596229166667 0.796152078125 0.70025605 0.174716628125 0.21186348124999999 0.195220090625 0.17165995416666666 0.8245817640625001
20 0.21781893541666666 0.3595255296875 0.33023898125 0.35462470625 0.3324721104166667 0.2320010859375 0.2267534125 0.2377570671875 0.21781893541666666 0.3595255296875
0 0.33917280624999996 0.3547920703125 0.4523367958333333 0.34874516718750004 0.4508482583333333 0.22628378906250002 0.3449425979166667 0.23190846875 0.33917280624999996 0.3547920703125
42 0.46499359375 0.34930705781250004 0.5774129875 0.34384943749999997 0.57220213125 0.21987937031250002 0.46220152708333334 0.2254036625 0.46499359375 0.34930705781250004
21 0.5885805979166666 0.34224895 0.7017452395833333 0.3378724890625 0.6928107604166667 0.215735709375 0.5841136833333334 0.2193922796875 0.5885805979166666 0.34224895
37 0.21186348124999999 0.498538809375 0.3265166583333333 0.49298380937499997 0.3294943854166667 0.362530725 0.21558580208333333 0.3684994046875 0.21186348124999999 0.498538809375
24 0.3384282125 0.4907935765625 0.4538259833333333 0.48910486718749996 0.4530813895833333 0.3571430890625 0.3412202770833333 0.3616294765625 0.3384282125 0.4907935765625
51 0.46946050625 0.48563868593750004 0.5811359583333334 0.481883971875 0.5774129895833333 0.3517229953125 0.46499359583333333 0.35762675625 0.46946050625 0.48563868593750004
27 0.59379210625 0.48133224218750004 0.7084452833333333 0.4768908921875 0.6995114541666666 0.34695707656249997 0.5885805979166666 0.3517929796875 0.59379210625 0.48133224218750004
39 0.19920668333333333 0.648350265625 0.31907136875000003 0.643681725 0.3272606041666667 0.5018625218749999 0.21093257708333332 0.507316465625 0.19920668333333333 0.648350265625
9 0.3339612979166667 0.6430326156249999 0.4568043583333333 0.6365637640624999 0.4523367958333333 0.4964099671875 0.33935911875 0.50102109375 0.3339612979166667 0.6430326156249999
17 0.47094969583333335 0.634276153125 0.5863474666666666 0.632030128125 0.5796467708333334 0.490860034375 0.46406268958333335 0.495584784375 0.47094969583333335 0.634276153125
1 0.5997482083333333 0.629218153125 0.7211020833333334 0.62671248125 0.7069567479166667 0.48531009999999997 0.5924892291666667 0.48928990156249996 0.5997482083333333 0.629218153125
28 0.19176139374999998 0.811338790625 0.3168375854166667 0.8081140234375 0.3160936416666667 0.6538743593749999 0.19697290208333335 0.6597733171875 0.19176139374999998 0.811338790625
15 0.32949438333333336 0.8064481296875 0.4553151729166667 0.800406290625 0.4560597645833333 0.6455449109375 0.33470589375 0.6509829328125 0.32949438333333336 0.8064481296875
25 0.4739274229166667 0.7995949109375 0.5945367 0.7943370859375001 0.5878360062500001 0.6403575874999999 0.4668547520833333 0.6452220546875 0.4739274229166667 0.7995949109375
38 0.6094266312500001 0.792017015625 0.734502825 0.7865644609375 0.7233352125 0.6333365171875001 0.6004928020833333 0.639805828125 0.6094266312500001 0.792017015625