58 0.08243380833333333 0.7006908734375 0.9314646520833333 0.794423153125 0.9836693791666666 0.556782715625 0.9888719458333333 0.389140125 0.13668993958333334 0.2802675515625 0.08243380833333333 0.7006908734375
36 0.88387185 0.7798362 0.9067398229166667 0.6964251875 0.7173910958333334 0.6730715843749999 0.7004134854166666 0.7593905734375 0.88387185 0.7798362
8 0.9067441416666667 0.6870175984375 0.9291470104166667 0.600448346875 0.7403352666666667 0.5776631609375 0.7199347291666667 0.66450555625 0.9067441416666667 0.6870175984375
29 0.9348208125 0.5893383046875 0.9584961 0.499971621875 0.7652943625 0.47609242343749997 0.7451222458333333 0.5679176499999999 0.9348208125 0.5893383046875
45 0.96342555 0.4892552109375 0.9820650333333333 0.39870641562500003 0.7891801354166667 0.37338493437500003 0.7678373541666667 0.46752630625 0.96342555 0.4892552109375
44 0.6884301666666667 0.75812728125 0.7043095229166667 0.67178226875 0.5174242854166666 0.64925988125 0.5021530354166667 0.7338309703125 0.6884301666666667 0.75812728125
3 0.7075502604166667 0.6635589171875 0.7288544437500001 0.5751067046875 0.5361890479166667 0.551795834375 0.5211462125 0.6413497546875 0.7075502604166667 0.6635589171875
49 0.7305434229166666 0.566424090625 0.7527484895833333 0.4753713484375 0.5510918749999999 0.45083397031250005 0.53680553125 0.54296691875 0.7305434229166666 0.566424090625
19 0.7528542083333334 0.46486346562499997 0.7748133666666667 0.371920303125 0.5802214666666666 0.348346634375 0.5584479583333334 0.4414389140625 0.7528542083333334 0.46486346562499997
40 0.48936830416666666 0.734067646875 0.5038931229166667 0.6474140687500001 0.3170168020833334 0.627863903125 0.3009006458333333 0.716281071875 0.48936830416666666 0.734067646875
34 0.5066178729166667 0.6404820390625 0.5222354291666667 0.5518730625 0.33310684583333333 0.530530159375 0.31549555833333337 0.6197337093749999 0.5066178729166667 0.6404820390625
5 0.5275973458333333 0.5412156453125 0.5410975291666666 0.4509561234375 0.3466112395833333 0.42690169375 0.3330813791666667 0.5216136734375 0.5275973458333333 0.5412156453125
53 0.5437573416666667 0.441291815625 0.56295118125 0.348466596875 0.3642854833333333 0.3223565453125 0.35022755625 0.419472328125 0.5437573416666667 0.441291815625
32 0.2864445208333333 0.716289753125 0.29895461041666666 0.6283710046875 0.11035409375 0.6046243 0.10087191875 0.6929560921875 0.2864445208333333 0.716289753125
4 0.30194443541666666 0.6193706765625 0.3189956479166666 0.5281100546874999 0.12365553333333333 0.5049294890625 0.11246635833333334 0.59500909375 0.30194443541666666 0.6193706765625
30 0.3207782020833333 0.5185736624999999 0.3362474375 0.42548794687499997 0.13887520625 0.40252534375 0.12427201874999999 0.4961005734375 0.3207782020833333 0.5185736624999999
10 0.33782336041666666 0.41530441093750003 0.35017428125 0.319936440625 0.15129800000000002 0.29478799843750003 0.14076796666666666 0.39089952499999997 0.33782336041666666 0.41530441093750003