54 0 0.5597908796875 0.022234960416666668 0.8206550343749999 0.9941350020833333 0.7866409109375 0.9962230291666666 0.5174648671875001 0.9790327395833334 0.31578560625 0 0.31961805781249997 0 0.5597908796875
14 0.7532094833333333 0.6780063468749999 0.763068275 0.7834990296875 0.98181615625 0.7761037703125 0.97215088125 0.67191156875 0.7532094833333333 0.6780063468749999
13 0.7422397354166667 0.5594873921875 0.7548078 0.6662260109375 0.9708792187499999 0.660520440625 0.9602602041666667 0.552760403125 0.7422397354166667 0.5594873921875
39 0.7306821479166667 0.4442440625 0.7439490979166667 0.5490098296875 0.9598735625 0.5441232890625 0.94990113125 0.441405978125 0.7306821479166667 0.4442440625
9 0.7208005624999999 0.3283117125 0.7320584229166667 0.42985866406250006 0.9478535416666667 0.428563653125 0.9374219666666667 0.3255304546875 0.7208005624999999 0.3283117125
2 0.5151568458333333 0.6851715625 0.5232292833333333 0.7900509640625 0.7482639166666666 0.7852910609375 0.7383724770833333 0.6783309234375 0.5151568458333333 0.6851715625
16 0.5024007458333333 0.5660393265625 0.5124260791666667 0.6734859265625001 0.7380631083333333 0.6656135359375 0.7256712270833333 0.5598498453125 0.5024007458333333 0.5660393265625
28 0.4940285770833333 0.4474635453125 0.50388736875 0.552956228125 0.7255373895833334 0.5481073999999999 0.7157896416666667 0.44391749531249997 0.4940285770833333 0.4474635453125
15 0.48652253125 0.32886930937500003 0.49643682291666663 0.435013134375 0.7159123375 0.4311906578125 0.70504198125 0.3280040890625 0.48652253125 0.32886930937500003
42 0.2668334375 0.692561459375 0.2760488479166667 0.8006781343749999 0.50597959375 0.793854053125 0.4987065875 0.685531428125 0.2668334375 0.692561459375
21 0.25656322291666667 0.5720696375000001 0.2675656791666666 0.6808000671875 0.4990273875 0.6741054625 0.4885474166666667 0.5663423828124999 0.25656322291666667 0.5720696375000001
45 0.24612650833333335 0.4496243890625 0.25902696875 0.56027036875 0.48781286458333334 0.5552654375 0.4790871270833333 0.44518048749999994 0.24612650833333335 0.4496243890625
33 0.23677722083333333 0.3297647796875 0.24934528333333333 0.43650339843749997 0.4776814645833333 0.4364022078125 0.4701826229166667 0.330531478125 0.23677722083333333 0.3297647796875
51 0.016659627083333333 0.6999918359375 0.028583660416666667 0.8093544625 0.26261215 0.802440246875 0.252106825 0.694188825 0.016659627083333333 0.6999918359375
27 0.0036252895833333337 0.577602921875 0.0157158625 0.688919465625 0.25241134375 0.6827627234375 0.24345772083333334 0.572356334375 0.0036252895833333337 0.577602921875
7 0 0.4785055890625 0.00608903125 0.5658036515625 0.24301542499999998 0.5598053140625 0.2320993875 0.44927839843750006 0 0.45370827968749994 0 0.4785055890625
53 0 0.4413159953125 0.23267580416666667 0.43849919843749996 0.22389380625 0.332657025 0 0.332508696875 0 0.4413159953125