59 0.26729882916666664 0.6909970703125 0.6675970062500001 0.6949013671875 0.6683404937499999 0.210080565625 0.26878711041666664 0.213588378125 0.26729882916666664 0.6909970703125
33 0.28326236875 0.3548017578125 0.36801627708333334 0.3555112296875 0.36801627708333334 0.25187499999999996 0.2805397145833333 0.25221923749999997 0.28326236875 0.3548017578125
43 0.37890625 0.354446778125 0.4627128895833333 0.35586621093750004 0.46366015624999996 0.2511650390625 0.37701236875 0.2508876953125 0.37890625 0.354446778125
12 0.47455013125 0.3551567375 0.55977734375 0.35586621093750004 0.5593040354166666 0.25010009843750003 0.47230143333333335 0.2504438484375 0.47455013125 0.3551567375
6 0.5673535166666667 0.35586621093750004 0.6540006500000001 0.354446778125 0.6568417979166666 0.248325684375 0.5673535166666667 0.250455078125 0.5673535166666667 0.35586621093750004
11 0.28420898333333333 0.46350390625 0.3703834645833333 0.46598828125 0.36991015624999996 0.362303221875 0.28231510416666666 0.3618608390625 0.28420898333333333 0.46350390625
51 0.37890625 0.4638588859375 0.46650065 0.464923828125 0.46318685 0.36128710937499997 0.37937955624999997 0.3609731453125 0.37890625 0.4638588859375
27 0.47455013125 0.4645688484375 0.5578834645833334 0.46598828125 0.5583567708333333 0.36093212812500003 0.47230143333333335 0.360529296875 0.47455013125 0.4645688484375
7 0.5654589833333333 0.4645688484375 0.6530540354166666 0.4645688484375 0.6530540354166666 0.361642090625 0.56640625 0.3609731453125 0.5654589833333333 0.4645688484375
18 0.28468294375000003 0.572867675 0.36991015624999996 0.572867675 0.3713307291666667 0.4713608390625 0.28231510416666666 0.47105810625 0.28468294375000003 0.572867675
31 0.37701236875 0.5714482421875 0.4641334645833333 0.5721577156250001 0.46318685 0.4699409171875 0.37937955624999997 0.4697265625 0.37701236875 0.5714482421875
26 0.47360351666666667 0.5721577156250001 0.5583567708333333 0.5718032234375 0.5569368499999999 0.4713608390625 0.47348502708333334 0.47105810625 0.47360351666666667 0.5721577156250001
41 0.5687734375000001 0.572867675 0.655421225 0.5718032234375 0.6549479166666666 0.47100585937500006 0.5678268229166666 0.4699409171875 0.5687734375000001 0.572867675
17 0.28562955624999997 0.6822314453125 0.3689628895833333 0.6822314453125 0.36991015624999996 0.57965966875 0.28231510416666666 0.5793676765625 0.28562955624999997 0.6822314453125
1 0.38080013125 0.6811669921875 0.4646067708333333 0.6815214843749999 0.4650807291666667 0.5785952140624999 0.3781959645833333 0.5780361328125 0.38080013125 0.6811669921875
20 0.47739127708333334 0.6808120125 0.5588307291666667 0.6808120125 0.5588307291666667 0.5789497078125 0.47230143333333335 0.5798120109375 0.47739127708333334 0.6808120125
0 0.5692473958333333 0.6815214843749999 0.6568417979166666 0.682586425 0.65352734375 0.5793046875 0.5687734375000001 0.5775922859375 0.5692473958333333 0.6815214843749999