58 0.25281446041666666 0.85458098125 0.8263097062500001 0.8024771203125001 0.6914713770833333 0.159067590625 0.16887049166666665 0.180055875 0.25281446041666666 0.85458098125
36 0.20680253541666668 0.3598712703125 0.32799964583333335 0.3538136015625 0.3069249270833333 0.21907337187499998 0.18683594791666666 0.223010209375 0.20680253541666668 0.3598712703125
8 0.34327050625 0.3551992046875 0.46302834791666664 0.352192959375 0.4380596083333333 0.21379250156250001 0.3222891666666667 0.21718181093750002 0.34327050625 0.3551992046875
29 0.4724675145833333 0.3500545 0.589706075 0.34378248125 0.5652358208333333 0.20829776562500002 0.45219473958333334 0.2123583140625 0.4724675145833333 0.3500545
45 0.5987485520833334 0.3431470390625 0.7161533541666666 0.3378474171875 0.6910371270833333 0.20240760624999998 0.5769444187499999 0.20605198281249998 0.5987485520833334 0.3431470390625
44 0.2275742625 0.5157792625 0.35450118750000004 0.508826409375 0.32861860000000004 0.36508066562499997 0.20572940833333334 0.3717551859375 0.2275742625 0.5157792625
3 0.36442008541666665 0.505670646875 0.48859736666666664 0.497927921875 0.462253725 0.3591320421875 0.3439964708333333 0.3632688421875 0.36442008541666665 0.505670646875
49 0.49626502499999997 0.49689754375 0.6164194708333334 0.492387796875 0.5898266270833333 0.35213428750000003 0.47390204375 0.3584453453125 0.49626502499999997 0.49689754375
19 0.6277131895833333 0.4896269703125 0.7443890604166667 0.483887025 0.7165874750000001 0.34421000625 0.6014655687499999 0.3494810671875 0.6277131895833333 0.4896269703125
40 0.24321448958333333 0.6760821078125 0.3725402291666667 0.6640437140625 0.3529503083333333 0.5188716828125 0.22433502291666668 0.5235956484375001 0.24321448958333333 0.6760821078125
34 0.39045902083333334 0.6618009140625001 0.5096996208333333 0.65194588125 0.486317475 0.5075323828125 0.3668467125 0.5160411265625 0.39045902083333334 0.6618009140625001
5 0.5255333333333333 0.6528003796874999 0.6453367833333333 0.6424142453125 0.6169536708333333 0.49933577187499995 0.5007652416666667 0.5060152109375 0.5255333333333333 0.6528003796874999
53 0.6634217395833333 0.6411433609375 0.7771817229166668 0.633641140625 0.7462150458333333 0.490744221875 0.6308547604166667 0.4974884765625 0.6634217395833333 0.6411433609375
32 0.26969319999999997 0.8386080296875 0.39912065 0.8309879046875001 0.37454539375 0.6757723234374999 0.24551435208333333 0.685711134375 0.26969319999999997 0.8386080296875
4 0.4122690041666666 0.8276052 0.5389280562500001 0.8152621609375 0.5159882104166666 0.66196575 0.38729871875 0.6739023578125 0.4122690041666666 0.8276052
30 0.5535530270833333 0.8166931515625 0.6766502979166666 0.8026332249999999 0.6471871749999999 0.6532375484374999 0.5280679145833334 0.6609348171875 0.5535530270833333 0.8166931515625
10 0.689817325 0.8031830796874999 0.8094546958333333 0.7918255140625 0.77942871875 0.6429609421875 0.6618825458333333 0.650301153125 0.689817325 0.8031830796874999