63 0.3710396270833333 0.8357513015625001 0.8708818958333333 0.779856184375 0.7187396958333333 0.22379123750000002 0.26522421041666666 0.252389284375 0.3710396270833333 0.8357513015625001
50 0.6457948083333334 0.38650481875 0.7458256833333333 0.3773457546875 0.7163454291666667 0.26265842031250003 0.6198873833333334 0.2708922859375 0.6457948083333334 0.38650481875
35 0.5359752666666666 0.39526990781250004 0.6376802895833333 0.3871109171875 0.6095019395833333 0.27134204375 0.5103094020833333 0.2768272734375 0.5359752666666666 0.39526990781250004
17 0.42497854583333333 0.40581035625000006 0.5254488854166667 0.39493153125 0.4982253416666667 0.276136484375 0.39935578125 0.2834278171875 0.42497854583333333 0.40581035625000006
1 0.3093995729166667 0.41163126562499996 0.41056525625 0.4046371875 0.38861535 0.28502724218750003 0.28722360625000004 0.2918033328125 0.3093995729166667 0.41163126562499996
23 0.67580814375 0.5125349984375001 0.7757391416666667 0.5028210828125 0.74624403125 0.3828199609375 0.6493052479166667 0.3935925703125 0.67580814375 0.5125349984375001
47 0.5674642041666667 0.521189871875 0.66759375 0.5125862453125001 0.6368822916666667 0.393098940625 0.5388472229166666 0.40296815625000004 0.5674642041666667 0.521189871875
25 0.45165044375 0.52987878125 0.553553375 0.5228301281250001 0.5279457270833333 0.400532134375 0.4268217020833333 0.41193642500000005 0.45165044375 0.52987878125
38 0.3366245770833334 0.542969928125 0.4372933729166667 0.533200903125 0.415444975 0.408935178125 0.31144118541666665 0.41886713750000004 0.3366245770833334 0.542969928125
22 0.7139989916666667 0.6424922734375 0.8159018333333333 0.635443134375 0.7773407354166667 0.5117772515625 0.6778497583333334 0.51977086875 0.7139989916666667 0.6424922734375
52 0.5941062958333333 0.6576343703124999 0.6994434604166667 0.6447045921875 0.6707875354166667 0.5199955484375 0.5687681041666667 0.5284813374999999 0.5941062958333333 0.6576343703124999
14 0.4745549458333333 0.670500734375 0.5859355604166667 0.6537451765625 0.5572408458333334 0.5277730859374999 0.4512310520833333 0.54007261875 0.4745549458333333 0.670500734375
13 0.3576558208333333 0.681482053125 0.46634055208333336 0.67055198125 0.44062655208333334 0.5392974140625 0.33654532916666663 0.5508886125 0.3576558208333333 0.681482053125
46 0.7455142541666666 0.78528311875 0.8493751729166666 0.77246360625 0.8207055208333334 0.6424470906249999 0.7150544687499999 0.652575453125 0.7455142541666666 0.78528311875
48 0.6274379479166666 0.7980397984375001 0.73183811875 0.7840548890625 0.7048888270833333 0.6532082124999999 0.5967797020833333 0.66422233125 0.6274379479166666 0.7980397984375001
2 0.50621189375 0.8099066234375 0.6109104875 0.7975868562499999 0.5876003729166667 0.6661896656249999 0.47585198333333334 0.6777538125 0.50621189375 0.8099066234375
16 0.38135434166666665 0.8265441906250001 0.4930326458333333 0.8114533390625001 0.46914117083333334 0.677851303125 0.36042845833333337 0.6886249171875 0.38135434166666665 0.8265441906250001