63 0.23784700625 0.7672685546875 0.6848958333333334 0.7581591796875 0.6657988291666667 0.23826074218749999 0.23763020833333334 0.240234375 0.23784700625 0.7672685546875
50 0.25347200625 0.3885693359375 0.34548632916666666 0.387268065625 0.3428821625 0.2779526359375 0.2508678395833333 0.2766513671875 0.25347200625 0.3885693359375
35 0.3585071625 0.3885693359375 0.44965299583333335 0.38922021562500003 0.4479166666666667 0.2779526359375 0.35590299583333335 0.276041503125 0.3585071625 0.3885693359375
17 0.4618053375 0.387268065625 0.5555553375 0.38922021562500003 0.5564238291666667 0.2779526359375 0.4600696625 0.276041503125 0.4618053375 0.387268065625
1 0.5685761708333333 0.3885693359375 0.6579863291666667 0.3866171875 0.6536458333333334 0.2766513671875 0.5642363291666667 0.27685546875 0.5685761708333333 0.3885693359375
23 0.2526041666666667 0.5095971671874999 0.3489583333333333 0.510247559375 0.34375 0.39898046875 0.2517363270833333 0.397298340625 0.2526041666666667 0.5095971671874999
47 0.3602428375 0.506994140625 0.45138867083333334 0.5082958984375 0.4505208333333333 0.3970283203125 0.3548177083333333 0.395670409375 0.3602428375 0.506994140625
25 0.4645182291666667 0.506709471875 0.5582682291666666 0.5057333984375 0.5556640625 0.3954423828125 0.4622395833333333 0.39501953125 0.4645182291666667 0.506709471875
38 0.5686848958333334 0.506709471875 0.6611328125 0.5057333984375 0.6598307291666666 0.394466309375 0.5647786458333334 0.39501953125 0.5686848958333334 0.506709471875
22 0.2490234375 0.6321293953125 0.3460286458333333 0.6316411140625 0.3473307291666667 0.5159819328124999 0.2522786458333333 0.51708984375 0.2490234375 0.6321293953125
52 0.3570963541666667 0.630177246875 0.4541015625 0.628712890625 0.4541015625 0.5154936515624999 0.3580729166666667 0.5152587890625 0.3570963541666667 0.630177246875
14 0.4671223958333333 0.628712890625 0.5615234375 0.6277373046875 0.5569661458333334 0.513541503125 0.46630859375 0.5152587890625 0.4671223958333333 0.628712890625
13 0.5719401041666666 0.6272490234375 0.6676432291666666 0.62578515625 0.6630859375 0.514517578125 0.5696614583333334 0.5140380859375 0.5719401041666666 0.6272490234375
46 0.24837239583333334 0.7571274406249999 0.3479817708333333 0.7566396484375 0.3460286458333333 0.64000390625 0.24820963541666666 0.6416015625 0.24837239583333334 0.7571274406249999
48 0.3577473958333333 0.75517578125 0.4560546875 0.75517578125 0.4547526041666667 0.637076171875 0.3580729166666667 0.6385498046875 0.3577473958333333 0.75517578125
2 0.4684244791666667 0.7527353515625 0.5641276041666666 0.751759278125 0.5595703125 0.635611815625 0.4654947916666667 0.63671875 0.4684244791666667 0.7527353515625
16 0.5751953125 0.750783203125 0.6708984375 0.751271484375 0.6663411458333334 0.6351240234375 0.5712890625 0.635498046875 0.5751953125 0.750783203125