59 0.14899544375 0.8332182625 0.8052454416666667 0.84269970625 0.7844121083333333 0.0995737296875 0.20256705625 0.0956313484375 0.14899544375 0.8332182625
33 0.20182291666666666 0.2936259765625 0.3372395833333333 0.2952993171875 0.341703775 0.146942871875 0.2139134125 0.1473212890625 0.20182291666666666 0.2936259765625
43 0.35137630208333337 0.29418359375 0.4838170583333333 0.29641455 0.4875371083333333 0.14805810625 0.3562128916666667 0.1480190421875 0.35137630208333337 0.29418359375
12 0.5001861979166666 0.29697216718749997 0.6326263020833333 0.29641455 0.63039453125 0.1497314453125 0.4994420583333333 0.145229003125 0.5001861979166666 0.29697216718749997
6 0.6467636708333333 0.29697216718749997 0.7792037749999999 0.300318846875 0.7754837250000001 0.1497314453125 0.6417408854166666 0.1480190421875 0.6467636708333333 0.29697216718749997
11 0.19363867083333333 0.4604638671875 0.33277538958333336 0.4626948234375 0.3350071625 0.30597216718750003 0.20275325416666667 0.3028740234375 0.19363867083333333 0.4604638671875
51 0.34542382916666664 0.4615791015625 0.4808404958333333 0.46548339843750003 0.48456119791666663 0.3065297859375 0.3506321625 0.30426904375 0.34542382916666664 0.4615791015625
27 0.4957220041666667 0.4621748046875 0.6296503916666667 0.46663671874999996 0.6311386708333333 0.3082412109375 0.4966516916666667 0.3077568359375 0.4957220041666667 0.4621748046875
7 0.64601953125 0.46552148437499996 0.7821803395833334 0.46663671874999996 0.7754837250000001 0.3093564453125 0.6454615874999999 0.309849121875 0.64601953125 0.46552148437499996
18 0.1787571625 0.636263184375 0.3238470041666667 0.6379365234375001 0.33054296875 0.4739633796875 0.1943821625 0.47028466875 0.1787571625 0.636263184375
31 0.3402154958333333 0.638494140625 0.4771204416666667 0.6390517578125 0.4808404958333333 0.4739633796875 0.3469121083333333 0.472377440625 0.3402154958333333 0.638494140625
26 0.494233725 0.639609375 0.6326263020833333 0.640725096875 0.6281621083333333 0.47507910156250005 0.4949778645833333 0.4728481453125 0.494233725 0.639609375
41 0.6489954416666667 0.64184033125 0.78664453125 0.6446293953125 0.7806920583333333 0.477867675 0.6463912749999999 0.475864746875 0.6489954416666667 0.64184033125
17 0.17206119791666669 0.8192753906249999 0.31491796875 0.821505859375 0.3231028645833333 0.648609375 0.17950130208333331 0.6474609375 0.17206119791666669 0.8192753906249999
1 0.32756705625000004 0.821505859375 0.47265625 0.8259677734374999 0.4800970041666667 0.6502827156250001 0.3366816416666667 0.6481586921875 0.32756705625000004 0.821505859375
20 0.4927454416666667 0.8231791984375001 0.6326263020833333 0.823736815625 0.6318821625000001 0.65362890625 0.49200130208333337 0.64885595625 0.4927454416666667 0.8231791984375001
0 0.6467636708333333 0.8259677734374999 0.7911087250000001 0.8270834953125 0.7888763020833333 0.654744628125 0.6482513020833333 0.6519560546875 0.6467636708333333 0.8259677734374999