63 0.17925325625 0.7710107421875 0.73480924375 0.7723120109375 0.7556425770833334 0.0877900390625 0.17795117291666665 0.081705565625 0.17925325625 0.7710107421875
50 0.19270833333333334 0.28888085937499997 0.32204882916666666 0.292134278125 0.32204882916666666 0.13857275468750002 0.1953125 0.1359697265625 0.19270833333333334 0.28888085937499997
35 0.3350696625 0.2908330078125 0.4609375 0.29408642500000004 0.46267382916666666 0.1405244140625 0.33420117083333334 0.1360678703125 0.3350696625 0.2908330078125
17 0.47482617083333334 0.29473730468750003 0.5980904958333333 0.296689453125 0.6032988291666667 0.14377783125000002 0.47417512916666665 0.1393227546875 0.47482617083333334 0.29473730468750003
1 0.6119791666666666 0.296689453125 0.7361113270833334 0.29799072187500003 0.73871549375 0.14768212812499998 0.6174042958333333 0.142578125 0.6119791666666666 0.296689453125
23 0.19618033958333334 0.4490385734375 0.3194446625 0.45229199218750005 0.3211803375 0.30328515624999997 0.1953125 0.299642090625 0.19618033958333334 0.4490385734375
47 0.33767382916666666 0.45229199218750005 0.4600696625 0.45489501875 0.4600696625 0.3058876953125 0.33420117083333334 0.30126953125 0.33767382916666666 0.45229199218750005
25 0.4713541666666667 0.45359375 0.5954863291666667 0.4561962890625 0.5972220041666667 0.30718896562500003 0.47634570416666666 0.305338378125 0.4713541666666667 0.45359375
38 0.6085071625 0.455545409375 0.7282988270833334 0.457497559375 0.7352428395833334 0.30783984375 0.6119791666666666 0.30615234375 0.6085071625 0.455545409375
22 0.19184049375 0.6111484375 0.3203125 0.611799315625 0.3211803375 0.4627919921875 0.1953125 0.459146971875 0.19184049375 0.6111484375
52 0.3359375 0.60984716875 0.45659700416666665 0.6091962890625 0.4583333333333333 0.4640932609375 0.3352864583333333 0.46240234375 0.3359375 0.60984716875
14 0.47048632916666666 0.6104975578125 0.5911458333333334 0.6104975578125 0.5946178375 0.4660454109375 0.47309049583333335 0.463216309375 0.47048632916666666 0.6104975578125
13 0.6050345041666667 0.6085458984375001 0.7274303395833334 0.6091962890625 0.7282988270833334 0.46669628906250005 0.6076386708333333 0.465657715625 0.6050345041666667 0.6085458984375001
46 0.19965299375 0.7602446281249999 0.3203125 0.7615458984375 0.31857617083333334 0.6203471671874999 0.19444466041666666 0.6196962890625 0.19965299375 0.7602446281249999
48 0.3350696625 0.7608950203125 0.453125 0.75959375 0.45659700416666665 0.6216484375 0.3309459625 0.6202797859375 0.3350696625 0.7608950203125
2 0.46701367083333334 0.7615458984375 0.5885416666666666 0.763498046875 0.5911458333333334 0.6196962890625 0.47091992083333334 0.62109375 0.46701367083333334 0.7615458984375
16 0.6006946625 0.7621967781250001 0.7204863270833334 0.7615458984375 0.7265625 0.620997559375 0.6043834625 0.6202797859375 0.6006946625 0.7621967781250001