63 0.802366375 0.6220013718749999 0.8482940625000001 0.28638916718749996 0.14702557916666667 0.289295121875 0.11202063958333335 0.6106941140625 0.802366375 0.6220013718749999
50 0.33451604375 0.36939685624999996 0.3432058125 0.300322440625 0.19448189166666668 0.2990193765625 0.18925512708333334 0.3680786390625 0.33451604375 0.36939685624999996
35 0.32923637916666665 0.44757399531250003 0.33526288958333333 0.37916284375 0.18572746875 0.37786333125 0.18131225416666666 0.4469185515625 0.32923637916666665 0.44757399531250003
17 0.3212278791666667 0.527065315625 0.32571982083333334 0.45670702656250006 0.177850225 0.4560518359375 0.17310677291666668 0.528365075 0.3212278791666667 0.527065315625
1 0.31001823333333334 0.6039661625 0.3193771458333333 0.5368426687500001 0.1710560625 0.534235603125 0.16402319375 0.6013484265625 0.31001823333333334 0.6039661625
23 0.49789307916666664 0.3712869203125 0.5043141041666667 0.298966340625 0.35495209791666665 0.2989687984375 0.35023216458333334 0.3680253546875 0.49789307916666664 0.3712869203125
47 0.4875502104166667 0.44818348593749996 0.49271064583333335 0.379776121875 0.34499076041666665 0.37635215624999996 0.3395604104166667 0.44817994062500005 0.4875502104166667 0.44818348593749996
25 0.4760580833333333 0.528423234375 0.48444639166666664 0.45804789531249995 0.336001275 0.4569878421875 0.3294990291666667 0.5271106953125 0.4760580833333333 0.528423234375
38 0.46827930625 0.6056343828124999 0.47656914791666666 0.5362364000000001 0.3282471125 0.533954653125 0.32032299583333335 0.605304884375 0.46827930625 0.6056343828124999
22 0.6596439312500001 0.368381046875 0.6676293333333334 0.295565159375 0.5143086604166667 0.298678375 0.5056464625 0.3700318359375 0.6596439312500001 0.368381046875
52 0.6475749208333333 0.4495186734375 0.6568591145833333 0.3766971 0.5038718875 0.3780992359375 0.4969225666666667 0.4501778984375 0.6475749208333333 0.4495186734375
14 0.6381533729166667 0.53015625 0.6465902645833334 0.45929223593749996 0.49568693750000004 0.45934198125 0.48654620833333334 0.5274004140625 0.6381533729166667 0.53015625
13 0.6275308520833334 0.6098221546875 0.6367159291666666 0.53797794375 0.48624693541666664 0.5369267468750001 0.47982005625 0.6070492703125 0.6275308520833334 0.6098221546875
46 0.8258224125000001 0.3691192703125 0.8340040958333332 0.294348671875 0.6802947791666667 0.294899159375 0.6707716729166666 0.36833235468750003 0.8258224125000001 0.3691192703125
48 0.8157019125 0.45024836874999996 0.8231360624999999 0.3764579671875 0.6679260020833334 0.37738136718750004 0.6586540791666666 0.4499586546875 0.8157019125 0.45024836874999996
2 0.8029831854166667 0.5313888359375001 0.8115191916666666 0.4595474640625 0.65736614375 0.458023925 0.6487790916666667 0.5286443640625 0.8029831854166667 0.5313888359375001
16 0.7942599395833334 0.6115348953125 0.8008474375 0.53970205 0.64774151875 0.537441234375 0.6400558479166667 0.6087904234375 0.7942599395833334 0.6115348953125