55 0.8642098104166667 0.76230029375 0.9232705854166666 0.332222796875 0.08999929791666667 0.312825084375 0.03506572291666667 0.677490175 0.8642098104166667 0.76230029375
20 0.25429543541666666 0.687408009375 0.26669950833333333 0.6034521984375 0.10420852916666666 0.5910887890625001 0.09406767708333333 0.670140153125 0.25429543541666666 0.687408009375
0 0.26842480208333336 0.596828984375 0.27943183125 0.512220378125 0.11653021458333333 0.5026363265625 0.10618351875 0.5818151421875 0.26842480208333336 0.596828984375
42 0.2823074729166667 0.5028654375 0.2939719083333333 0.41886150625 0.12844023958333334 0.4119114375 0.1172712875 0.494124028125 0.2823074729166667 0.5028654375
21 0.293724975 0.4104242703125 0.30695076875 0.325961 0.14322759166666668 0.3219376125 0.12979726458333332 0.40301864375 0.293724975 0.4104242703125
37 0.43792865625000005 0.70396780625 0.4498395604166667 0.6182956765625 0.27707488125 0.604695575 0.2658386916666667 0.6898505828125 0.43792865625000005 0.70396780625
24 0.4489345 0.609254209375 0.46610581250000005 0.5233663468749999 0.29071108124999995 0.5124002265625001 0.2778505958333334 0.595904571875 0.4489345 0.609254209375
51 0.46413240208333334 0.511447334375 0.47793345 0.42814480625 0.30442943749999996 0.4195488125 0.2933575583333334 0.503591690625 0.46413240208333334 0.511447334375
27 0.4793298875 0.4186931359375 0.49271992291666666 0.3331182203125 0.3186409625 0.3284137203125 0.3064012020833333 0.41125739687499996 0.4793298875 0.4186931359375
39 0.634776425 0.726449303125 0.6487414770833334 0.6369824093750001 0.4617572791666667 0.6185179765625 0.44943038333333335 0.705425696875 0.634776425 0.726449303125
9 0.6503843854166667 0.6258625421875 0.6624593708333334 0.5340255609375 0.4755577916666667 0.525110496875 0.4626751333333334 0.6094553375 0.6503843854166667 0.6258625421875
17 0.66180078125 0.52331589375 0.6782318770833334 0.4373793828125 0.4896047708333333 0.43003481875 0.47643453124999996 0.5163261359375 0.66180078125 0.52331589375
1 0.6767515666666667 0.4271771765625 0.69383984375 0.33679261875 0.50365175 0.3349591390625 0.4896799291666667 0.420355821875 0.6767515666666667 0.4271771765625
28 0.8500025250000001 0.746208921875 0.8667619458333333 0.6529959125 0.6617782020833333 0.640084603125 0.6495725270833332 0.7291061546875001 0.8500025250000001 0.746208921875
15 0.8666786791666666 0.6434465015625 0.8798217833333334 0.5494343484375 0.6742627124999999 0.5353627859375 0.6610691333333333 0.6260033171875 0.8666786791666666 0.6434465015625
25 0.8818754020833333 0.535534634375 0.8951830479166667 0.44546306874999997 0.6895426979166667 0.43700032968749997 0.6756500208333333 0.5273139359375 0.8818754020833333 0.535534634375
38 0.8946066104166667 0.43419733593750004 0.9084071208333333 0.34078985624999997 0.7030134770833333 0.3357116390625 0.6909392104166667 0.427548175 0.8946066104166667 0.43419733593750004