54 0 0.8063353140625 0.9701855145833334 0.7597660328125 0.9811100270833334 0.47817767343749995 0.9691891229166667 0.25938142656249996 0 0.33593349375 0 0.8063353140625
14 0.2514244520833333 0.78308330625 0.24656358541666668 0.6779041609374999 0.027083985416666668 0.690000603125 0.03195680625 0.7938771734375 0.2514244520833333 0.78308330625
13 0.24332536666666668 0.6663823046874999 0.24099623541666665 0.55974626875 0.022348125 0.5711410265625 0.02676591875 0.678626184375 0.24332536666666668 0.6663823046874999
39 0.2378287395833333 0.5495224296875 0.23647251249999998 0.44478025624999995 0.017169702083333335 0.4601214984375 0.02153020625 0.5625644000000001 0.2378287395833333 0.5495224296875
9 0.23309287916666666 0.430662853125 0.23017912083333333 0.3292713578125 0.013478120833333333 0.3444537640625 0.017424166666666668 0.447247184375 0.23309287916666666 0.430662853125
2 0.4918356479166667 0.7697090328125 0.4852764583333334 0.6652844906250001 0.2614247333333333 0.6769969203125 0.2664575604166667 0.7836305078125 0.4918356479166667 0.7697090328125
16 0.48637436875 0.653497921875 0.48140743125 0.5463719953124999 0.25759170625 0.55873315 0.2599608625 0.6643901140625 0.48637436875 0.653497921875
28 0.47809914583333335 0.5335520812500001 0.47323827916666666 0.4283729390625 0.2512983125 0.44322425 0.2560884583333333 0.5471053765625 0.47809914583333335 0.5335520812500001
15 0.46909787291666666 0.41625523593749997 0.46420166041666666 0.3104273265625 0.24587240625 0.327662390625 0.24940167500000002 0.4306438640625 0.46909787291666666 0.41625523593749997
42 0.7401459354166666 0.7597585609374999 0.7342768145833334 0.6520367890625 0.5017534854166666 0.6642786015625 0.50959095 0.772043309375 0.7401459354166666 0.7597585609374999
21 0.7319060833333333 0.640461975 0.7277359125 0.5319850734375 0.4952833020833333 0.545524903125 0.49984036666666665 0.6530015578125 0.7319060833333333 0.640461975
45 0.7236308583333333 0.520516134375 0.72108896875 0.40998706250000005 0.4878402166666667 0.424877340625 0.49447268958333335 0.5345057671875 0.7236308583333333 0.520516134375
33 0.7160457083333333 0.397273065625 0.7137165770833334 0.29063703125 0.4807500333333333 0.31071892968750003 0.48802019375 0.416076696875 0.7160457083333333 0.397273065625
51 0.9748601041666666 0.639274596875 0.7492093354166667 0.6524275265624999 0.7538091583333333 0.7603893937499999 0.9706106229166667 0.7488084875000001 0.9748601041666666 0.639274596875
27 0.9796190770833333 0.5166081250000001 0.7408627395833334 0.5311837078125 0.7473124583333333 0.6411489984375 0.97529091875 0.6281699765625001 0.9796190770833333 0.5166081250000001
7 0.9769803708333333 0.5050496703125 0.9691641437499999 0.39354025 0.7350479062499999 0.40848348593750006 0.7395548000000001 0.51873048125 0.9769803708333333 0.5050496703125
53 0.9667580625000001 0.3813166703125 0.9582517625 0.27310448125 0.7269848437499999 0.292431696875 0.73296969375 0.397867440625 0.9667580625000001 0.3813166703125