55 0.2275390625 0.7352001953125 0.6715494791666666 0.7244638671875 0.6676432291666666 0.20212158125 0.23111979166666666 0.1856689453125 0.2275390625 0.7352001953125
20 0.24283854166666666 0.345583496875 0.34396679583333334 0.34916210937500003 0.3430989583333333 0.23333984375 0.24359830625 0.22957373125 0.24283854166666666 0.345583496875
0 0.35308137916666665 0.34916210937500003 0.451171875 0.35078906249999997 0.44943554583333334 0.235617675 0.3531901041666667 0.233235840625 0.35308137916666665 0.34916210937500003
42 0.4615885416666667 0.35078906249999997 0.5570748708333333 0.3527412109375 0.5544707041666667 0.23887109374999999 0.4606119791666667 0.235677246875 0.4615885416666667 0.35078906249999997
21 0.568359375 0.35306640625 0.6586373708333333 0.3550185546875 0.6569010416666666 0.2431005859375 0.5653209625 0.238932128125 0.568359375 0.35306640625
37 0.24544270833333334 0.4709072265625 0.34396679583333334 0.4709072265625 0.34223112083333335 0.3563862296875 0.244140625 0.3544921875 0.24544270833333334 0.4709072265625
24 0.3548177083333333 0.4709072265625 0.4503040375 0.47123242187500003 0.45073762916666665 0.35801318437499996 0.35427539166666666 0.356119628125 0.3548177083333333 0.4709072265625
51 0.46245637916666665 0.4718833015625 0.5553385416666666 0.4722084953125 0.5549042958333333 0.3596396484375 0.458984375 0.357747559375 0.46245637916666665 0.4718833015625
27 0.5661894541666667 0.472533690625 0.6586373708333333 0.47416064375 0.6586373708333333 0.36094140625 0.5647786458333334 0.360188965625 0.5661894541666667 0.472533690625
39 0.24283854166666666 0.59623095625 0.3430989583333333 0.5952548828124999 0.341796875 0.47910742187500005 0.24359830625 0.47859716875 0.24283854166666666 0.59623095625
9 0.353515625 0.594604003125 0.4498697916666667 0.594278809375 0.45073762916666665 0.4797583 0.3548177083333333 0.47859716875 0.353515625 0.594604003125
17 0.4620227875 0.5939536125 0.5570748708333333 0.5939536125 0.5544707041666667 0.480083496875 0.4606119791666667 0.478189940625 0.4620227875 0.5939536125
1 0.568359375 0.5935170890625 0.6590709625 0.5938427734375 0.6569010416666666 0.4802978515625 0.5653209625 0.4802651359375 0.568359375 0.5935170890625
28 0.23936653541666666 0.724005859375 0.34136262916666665 0.7201015625 0.3444010416666667 0.6029780265625 0.24088541666666666 0.6043295890625 0.23936653541666666 0.724005859375
15 0.353515625 0.7201015625 0.4503040375 0.718475096875 0.44943554583333334 0.6013515625 0.35427539166666666 0.602294921875 0.353515625 0.7201015625
25 0.46115429583333334 0.71880029375 0.5553385416666666 0.715546875 0.5549042958333333 0.6003754875 0.46169726666666666 0.599853515625 0.46115429583333334 0.71880029375
38 0.568359375 0.7158720703125 0.6634114583333334 0.7158720703125 0.658203125 0.5987485359375 0.5653209625 0.6006674796875 0.568359375 0.7158720703125