56 0.20646274583333335 0.30596394375 0.16500716458333334 0.6388044296875 0.8714741729166666 0.659273221875 0.906189525 0.3379957234375 0.20646274583333335 0.30596394375
52 0.7032273 0.3395254265625 0.6945094708333334 0.40831169375 0.84469900625 0.41402579531250006 0.850911775 0.3445516875 0.7032273 0.3395254265625
40 0.6957036875 0.41652500468750003 0.6882831604166667 0.48676820468750004 0.83720569375 0.49067055625 0.8437275083333333 0.42173771875000005 0.6957036875 0.41652500468750003
34 0.6884710291666667 0.495666859375 0.6798144958333334 0.5637430171875 0.8304458854166668 0.5698248 0.8376119416666667 0.500286646875 0.6884710291666667 0.495666859375
5 0.68073521875 0.575151140625 0.6734365916666667 0.6439745953125 0.8204980249999999 0.6474725671875 0.8297227458333333 0.5787886078125 0.68073521875 0.575151140625
48 0.5449643437499999 0.33288805625 0.53536210625 0.400939434375 0.6846059 0.40662924375 0.6938953875 0.33732429218750004 0.5449643437499999 0.33288805625
32 0.5364653333333333 0.41021817499999996 0.5301117979166666 0.47906590624999995 0.6769610375 0.48504858281249996 0.6842325083333333 0.415779778125 0.5364653333333333 0.41021817499999996
4 0.5288507708333333 0.488282696875 0.5219334395833334 0.55818298125 0.6693471270833334 0.5631131203125 0.6757514333333333 0.49426622968749995 0.5288507708333333 0.488282696875
30 0.5212968541666666 0.5656370921875 0.5127493854166667 0.637985415625 0.6620841666666667 0.6426097921875 0.6684913458333334 0.5723400390625 0.5212968541666666 0.5656370921875
12 0.38662322916666664 0.321624209375 0.37665725208333334 0.393934871875 0.5277015416666667 0.40073869687499997 0.53510531875 0.330050421875 0.38662322916666664 0.321624209375
6 0.37696636875 0.401413765625 0.36936395 0.47378685000000004 0.5175711354166667 0.48051633281250006 0.5271017625 0.4098837890625 0.37696636875 0.401413765625
19 0.36872740625 0.4812404734375 0.3611256395833333 0.5536135765625 0.5110235229166666 0.5571858734374999 0.51877293125 0.486595190625 0.36872740625 0.4812404734375
11 0.35859765208333333 0.5610181265625 0.3504017833333333 0.6347985984375 0.5033793083333333 0.6356052296875 0.5108458020833333 0.5655412859375 0.35859765208333333 0.5610181265625
31 0.22056848125 0.3122923984375 0.20959615625 0.3852884046875 0.36681650416666667 0.3918984546875 0.37410124791666666 0.3209399828125 0.22056848125 0.3122923984375
26 0.210699425 0.3945666578125 0.20277574375000001 0.4651522859375 0.35810468958333336 0.47171277187499994 0.36706436458333336 0.4000869671875 0.210699425 0.3945666578125
41 0.20136316875 0.47614365468750003 0.19379174375 0.5481614484375 0.3483265354166667 0.5529225765625 0.35809483333333336 0.48060624687500003 0.20136316875 0.47614365468750003
10 0.19362801041666666 0.5556279515625 0.18357043333333334 0.6290035406250001 0.33908187916666666 0.633434646875 0.3489095208333334 0.5604081562500001 0.19362801041666666 0.5556279515625