45 1 0.3312948 0.83434409375 0.320435278125 0.8342027416666667 0.40276818593749997 1 0.41540345624999997 1 0.3312948
33 1 0.42530060937499997 0.8342024791666667 0.41355420625 0.8325814333333333 0.4979689453125 1 0.5101731093749999 1 0.42530060937499997
43 1 0.519400946875 0.83157099375 0.5075371671875 0.83036830625 0.5949991375 1 0.6084593203125 1 0.519400946875
12 1 0.6181095421875 0.83107835 0.6056444390625 0.8305241291666667 0.694074509375 1 0.7070852546874999 1 0.6181095421875
7 0.6403699916666666 0.30875258125 0.6373907458333333 0.39008210625 0.8194294083333333 0.4016973109375 0.82201395 0.31834676562499997 0.6403699916666666 0.30875258125
53 0.6370912604166666 0.400207865625 0.6347425291666667 0.48358014374999997 0.8169123375 0.49704080937499995 0.8207062604166667 0.41236403125 0.6370912604166666 0.400207865625
18 0.6335752645833334 0.4939084546875 0.6299768145833333 0.5787967890625 0.8177644958333333 0.593586096875 0.8180487416666666 0.5069577515625 0.6335752645833334 0.4939084546875
31 0.6300410020833334 0.5889204703125 0.6249624583333334 0.6753215171875 0.8165110458333333 0.6937700062500001 0.8166789270833333 0.60363129375 0.6300410020833334 0.5889204703125
20 0.44956219791666663 0.2932422859375 0.4451781166666667 0.376969875 0.6248461249999999 0.39038119375 0.6276007708333334 0.30631722968749997 0.44956219791666663 0.2932422859375
0 0.44384383958333334 0.38609305312500003 0.4403474145833333 0.46893579374999994 0.6193407833333333 0.48260953593749994 0.6223128041666667 0.39907672656250004 0.44384383958333334 0.38609305312500003
50 0.44008970416666665 0.4806249125 0.43583517708333336 0.5632515171875 0.6165599104166667 0.5774812125000001 0.6205676708333333 0.49273313124999996 0.44008970416666665 0.4806249125
35 0.61888713125 0.5868376265624999 0.43512885 0.57544828125 0.42863585625 0.661253159375 0.6137761083333333 0.6744039796875 0.6160733604166667 0.5873150828125 0.61888713125 0.5868376265624999
37 0.2579437291666667 0.2809640265625 0.25367963541666666 0.3637761328125 0.43121909375 0.377173196875 0.43441597291666667 0.29142302343750004 0.43654403125 0.29115123593750003 0.43044174375 0.2909116140625 0.2579437291666667 0.2809640265625
24 0.2520737375 0.372287140625 0.24643152291666667 0.455936475 0.4263994104166667 0.4679422 0.4308612083333333 0.38519026562500003 0.2520737375 0.372287140625
23 0.42600604791666663 0.4771272046875 0.24578895625000002 0.4655745203125 0.2379653145833333 0.55027028125 0.4208293083333333 0.5645587828124999 0.42600604791666663 0.4771272046875
47 0.23943700416666666 0.558998325 0.23246560833333335 0.6465006953125 0.41405208125000004 0.6627400046874999 0.4216890125 0.5736059640625 0.23943700416666666 0.558998325
60 1 0.3239994984375 0.243050325 0.2696186734375 0.20910901041666669 0.6594636656249999 1 0.718240996875 1 0.3239994984375