62 0.7577505645833333 0.7068140125 0.8465155270833333 0.368789475 0.15769293541666668 0.3146089125 0.081537725 0.6232938328125 0.7577505645833333 0.7068140125
35 0.27131642083333335 0.6374919921875 0.2898215541666667 0.5690048375 0.15068178124999998 0.5526878156249999 0.13293654583333334 0.6214328734375 0.27131642083333335 0.6374919921875
36 0.29128608125 0.561214684375 0.30950111041666667 0.4919760609375 0.16983488333333333 0.4777708875 0.15085445 0.5447662703125 0.29128608125 0.561214684375
8 0.30997869375 0.484446259375 0.3279298520833333 0.41626349218750003 0.18622621041666668 0.40257306093749995 0.17057557291666667 0.4691856453125 0.30997869375 0.484446259375
29 0.33070345833333337 0.40896771249999997 0.34705595208333334 0.33953965468749997 0.20706644166666666 0.328549190625 0.18836100208333334 0.39430973125 0.33070345833333337 0.40896771249999997
38 0.42396974375 0.653740021875 0.44247499791666667 0.58525238125 0.30042221874999997 0.5690003140625 0.2806111333333333 0.63735464375 0.42396974375 0.653740021875
37 0.444027225 0.577110415625 0.46075753124999996 0.5080820125 0.3183859708333333 0.49324045468750005 0.30005620833333335 0.56174594375 0.444027225 0.577110415625
24 0.4623975833333333 0.4995877484375 0.48192104375 0.43084343281250004 0.337714475 0.41761989687499995 0.32030292083333334 0.4853161984375 0.4623975833333333 0.4995877484375
23 0.48143598125 0.423215721875 0.49956330416666667 0.3543289140625 0.3548026395833333 0.3414102515625 0.3387133708333333 0.40978238593749994 0.48143598125 0.423215721875
44 0.5819367520833333 0.6752195140625 0.6006775895833333 0.6038689765624999 0.4513835125 0.58615845 0.4336696291666666 0.6556286609375 0.5819367520833333 0.6752195140625
3 0.6018525291666666 0.59532790625 0.6192239895833332 0.5256427515625 0.47050961041666667 0.5094346109375001 0.45297125208333333 0.578200709375 0.6018525291666666 0.59532790625
49 0.6208370395833334 0.5153415781249999 0.6407115479166666 0.44518904218750005 0.48943394166666665 0.4316075546875 0.47216321666666666 0.501212646875 0.6208370395833334 0.5153415781249999
14 0.6406042979166667 0.4379609875 0.6600738666666667 0.36560236874999996 0.50978089375 0.3557293515625 0.49113586666666664 0.42510436093750004 0.6406042979166667 0.4379609875
0 0.74843175625 0.69504025 0.76632966875 0.623243246875 0.6097621479166667 0.604071484375 0.5928040062500001 0.6758737625 0.74843175625 0.69504025
2 0.7673022020833333 0.6135988921875 0.784532075 0.5406512484375 0.6272897020833333 0.5261018671875 0.6106881166666667 0.5969480203125 0.7673022020833333 0.6135988921875
42 0.7869278708333333 0.5329558125 0.8068630770833334 0.460644553125 0.64944518125 0.44679928437500005 0.6298455291666667 0.517701240625 0.7869278708333333 0.5329558125
21 0.8096368041666667 0.45334828906249997 0.8287290875 0.38059056406249997 0.6696511854166667 0.36765865937500003 0.6503300104166667 0.43750674062500006 0.8096368041666667 0.45334828906249997