6 0.2576689729166667 0.2588432828125 0.3587212604166667 0.26352067031250004 0.37424246666666666 0.1414366984375 0.27305636041666664 0.1369434453125 0.2576689729166667 0.2588432828125
19 0.37049255416666665 0.26399859999999997 0.47083009583333335 0.26815364062499997 0.48626582291666665 0.1468180859375 0.3859715354166667 0.1422220890625 0.37049255416666665 0.26399859999999997
11 0.5395833333333333 0.21083887675958293 0.11666666666666667 0.133762877997928
50 0.6520833333333333 0.21550279797586666 0.11666666666666667 0.133762877997928
26 0.3020833333333333 0.3308539319696507 0.12083333333333333 0.13234592721213972
41 0.4125 0.3355906277930402 0.11666666666666667 0.132200377997928
10 0.521875 0.34036371091998274 0.11666666666666667 0.13063787799792798
25 0.6322916666666667 0.34353790674337226 0.11458333333333333 0.12900260339082212
36 0.284375 0.4572537661300505 0.11666666666666667 0.12907537799792798
8 0.396875 0.4619176873463342 0.11666666666666667 0.12907537799792798
29 0.50625 0.46747202047327663 0.11458333333333333 0.12744010339082212
47 0.615625 0.4722451036002191 0.1125 0.12736732878371626
44 0.26875 0.5835808256833444 0.11875 0.12602315260503402
3 0.37916666666666665 0.5875362715067339 0.1125 0.12580482878371627
49 0.4895833333333333 0.5907104673301236 0.1125 0.12580482878371627
18 0.5989583333333334 0.595483550457066 0.1125 0.12580482878371627
61 0.20050420000000002 0.649635478125 0.6494696375 0.6662768234375 0.7287832770833333 0.11744174062499999 0.26707806250000005 0.096565265625 0.20050420000000002 0.649635478125