58 0.21068636875 0.8268702734375 0.7354100729166666 0.8295592375 0.79532493125 0.1830535453125 0.216118525 0.1511039375 0.21068636875 0.8268702734375
36 0.22364443333333334 0.7833962703124999 0.34411815 0.7831303093749999 0.3495070604166666 0.6479917765625001 0.22767919374999998 0.6461809125 0.22364443333333334 0.7833962703124999
8 0.35969304999999996 0.7844806859375 0.47578717083333333 0.7838193484375 0.484641975 0.644893796875 0.36460744166666664 0.6460764593749999 0.35969304999999996 0.7844806859375
29 0.49008051041666667 0.7847564125 0.6035250125 0.7848599328125 0.6122207916666667 0.6488602234374999 0.49432413333333336 0.6466973281249999 0.49008051041666667 0.7847564125
45 0.6154877041666666 0.78669128125 0.7299347854166667 0.7863429515625 0.73928136875 0.6503654796875 0.6213316729166666 0.649178353125 0.6154877041666666 0.78669128125
44 0.22522438749999998 0.6343642328125 0.34881505625000003 0.6367313265625001 0.35796138749999995 0.49244197031250003 0.23030307083333332 0.48993822031249995 0.22522438749999998 0.6343642328125
3 0.3643943041666667 0.6380016875 0.4830606708333333 0.6379991453125 0.49324354375 0.4986311546875 0.36824131666666665 0.49524350625 0.3643943041666667 0.6380016875
49 0.4947817666666667 0.6382774171875 0.6113697916666666 0.6405251296875 0.6216321625 0.49969446250000005 0.5010263791666667 0.499391234375 0.4947817666666667 0.6382774171875
19 0.6233102604166666 0.6427653249999999 0.7389751270833333 0.644003671875 0.7505125645833334 0.5037058484375 0.6332401375 0.50205405 0.6233102604166666 0.6427653249999999
40 0.22615660416666666 0.48225451093749994 0.35524298958333334 0.48247601093750003 0.35793458333333333 0.33698364999999997 0.22728736666666668 0.329490853125 0.22615660416666666 0.48225451093749994
34 0.3694601708333333 0.4848142796875 0.4898478520833333 0.48913035625 0.4964175895833333 0.3442622234375 0.3761033375 0.3385951921875 0.3694601708333333 0.4848142796875
5 0.5044632895833333 0.49013927968750004 0.6213578500000001 0.49274523906249995 0.6330808 0.3490341765625 0.5121422583333334 0.3428570265625 0.5044632895833333 0.49013927968750004
53 0.6354653437500001 0.49410254687500005 0.7515398041666667 0.4968020734375 0.7658658625 0.3531819046875 0.6513025625 0.34967043593749997 0.6354653437500001 0.49410254687500005
32 0.22846578125 0.3198056484375 0.35857425625 0.325214409375 0.36507988333333335 0.16952959375 0.23484495 0.16644755312499998 0.22846578125 0.3198056484375
4 0.37153732083333335 0.32663440625 0.5015368375 0.334047884375 0.5066312916666666 0.18033453593749998 0.37861369791666666 0.172444746875 0.37153732083333335 0.32663440625
30 0.5137290979166667 0.3346544703125 0.6336710958333334 0.338173378125 0.6457385854166666 0.18812322812499999 0.5210808958333334 0.17839649375 0.5137290979166667 0.3346544703125
10 0.6486990729166667 0.3405893265625 0.7670274125 0.34380699375 0.7797191854166667 0.1942669671875 0.6588336270833334 0.187115021875 0.6486990729166667 0.3405893265625