59 0.7214929875 0.0921620765625 0.13937245208333332 0.123744921875 0.13734123125 0.8623555250000001 0.7942537625 0.8317535296875 0.7214929875 0.0921620765625
33 0.28209466875 0.166407909375 0.15433074791666668 0.17458492812499998 0.15246359166666668 0.321182040625 0.2879971854166667 0.3145850578125 0.28209466875 0.166407909375
43 0.42800593125 0.1586187328125 0.2966789833333333 0.16659523125 0.30205594166666666 0.3126098890625 0.4346525895833333 0.306750459375 0.42800593125 0.1586187328125
12 0.57098028125 0.1515675984375 0.43971319166666667 0.15507161875 0.45106069374999996 0.30630728125 0.5834618333333333 0.297667809375 0.57098028125 0.1515675984375
6 0.7160694770833334 0.1427120015625 0.5822069770833332 0.14916787812500001 0.5976381666666666 0.2973608453125 0.7303121270833334 0.2926137828125 0.7160694770833334 0.1427120015625
11 0.28651055208333337 0.3253616640625 0.15404015416666667 0.3303451421875 0.15593748333333332 0.48801141093749995 0.2952300958333333 0.481743290625 0.28651055208333337 0.3253616640625
51 0.4361035520833333 0.31678947343749997 0.30201654166666664 0.322710046875 0.3078005708333333 0.4798589609375 0.4434900583333333 0.4754861390625 0.4361035520833333 0.31678947343749997
27 0.5828006145833334 0.30954925312500003 0.4482797895833333 0.3172748390625 0.45814037291666665 0.47127932031249997 0.5923805458333333 0.46755325625 0.5828006145833334 0.30954925312500003
7 0.7272235979166666 0.3018509140625 0.5972358875 0.3102780625 0.60867175625 0.4654423203125 0.74491049375 0.4582435109375 0.7272235979166666 0.3018509140625
18 0.2937850875 0.4931137875 0.15736722291666666 0.49775692656250003 0.15334031041666665 0.6641836890625 0.29854708124999996 0.6569962953124999 0.2937850875 0.4931137875
31 0.4440826145833333 0.48394029843749997 0.31004340625 0.4905335796875 0.3149545375 0.6565531546875001 0.4518984458333334 0.648753009375 0.4440826145833333 0.48394029843749997
26 0.5914821895833333 0.47606077031250005 0.45814205416666665 0.48196557812499996 0.4690506958333333 0.6482644078125 0.6075212354166666 0.64092986875 0.5914821895833333 0.47606077031250005
41 0.7442069979166667 0.46953110468750003 0.6097662541666666 0.4757313953125 0.6239683041666667 0.641042609375 0.7618122875 0.63542169375 0.7442069979166667 0.46953110468750003
17 0.29854872708333335 0.667682065625 0.15486691666666666 0.675301921875 0.15943269791666664 0.8470472812500001 0.3024453270833333 0.84055161875 0.29854872708333335 0.667682065625
1 0.4556597958333333 0.659768090625 0.31209601249999996 0.6664039671875 0.3150944125 0.839779575 0.46049539375 0.8353723046875 0.4556597958333333 0.659768090625
20 0.6076787770833333 0.653839803125 0.4674643958333334 0.657619090625 0.4803897270833334 0.8313660687500001 0.6203095520833333 0.8233842843750001 0.6076787770833333 0.653839803125
0 0.7647508791666666 0.64536990625 0.6239310229166667 0.6511729453124999 0.6346028145833333 0.824745565625 0.7790258312499999 0.8170477140625 0.7647508791666666 0.64536990625