6 0.73936620625 0.2672284796875 0.658590825 0.2599977375 0.6362626958333333 0.3574363546875 0.71821955625 0.36454899687500003 0.73936620625 0.2672284796875
19 0.6493323145833333 0.258906771875 0.5676126708333334 0.25130314062500003 0.5456526791666667 0.34926646875 0.6274323145833333 0.3554836484375 0.6493323145833333 0.258906771875
11 0.55850445625 0.2501811015625 0.47773957083333335 0.24312823125 0.45687027916666667 0.34089638125 0.5372154375 0.3483873015625 0.55850445625 0.2501811015625
50 0.46919501458333335 0.242587515625 0.38931418333333334 0.23593161875000002 0.367675225 0.33138325 0.4477041541666667 0.3392758359375 0.46919501458333335 0.242587515625
26 0.7173331562499999 0.370587015625 0.6355541145833333 0.36328129374999996 0.6130975479166667 0.46085925000000005 0.6957888625 0.4677882578125 0.7173331562499999 0.370587015625
41 0.6260699479166667 0.36320667812499996 0.54382115625 0.35479216875 0.5235389854166667 0.4512705203125 0.6039743333333334 0.4585449453125 0.6260699479166667 0.36320667812499996
10 0.5363083229166666 0.3535878125 0.45437213958333333 0.34752812187500004 0.43495487499999996 0.441215453125 0.515262075 0.4505652875 0.5363083229166666 0.3535878125
25 0.4478604291666667 0.3460738609375 0.36583305416666667 0.33845710156250003 0.34553711875000004 0.43324125 0.4255455229166667 0.4416463390625 0.4478604291666667 0.3460738609375
36 0.6110737645833333 0.466799553125 0.5918330541666666 0.5635476109375 0.6749873291666667 0.5717018875 0.6941015458333334 0.47462188593750004 0.6110737645833333 0.466799553125
8 0.6030804916666667 0.4662094828125 0.5214272145833333 0.458387146875 0.5012779020833333 0.5531576734375 0.5815204979166667 0.5616165265624999 0.6030804916666667 0.4662094828125
29 0.5131824125000001 0.45723916718749996 0.4310441104166667 0.4494070859375 0.41096599791666666 0.54429784375 0.4919145458333333 0.5528333140624999 0.5131824125000001 0.45723916718749996
47 0.32033630416666664 0.536530346875 0.4009402625 0.54402048125 0.42342156249999996 0.448318596875 0.422286325 0.4488377703125 0.3417441479166667 0.4408730390625 0.32033630416666664 0.536530346875
44 0.6732982166666667 0.579149621875 0.5906226395833334 0.5707668203125 0.5684175354166666 0.6686877296875 0.6522990375000001 0.67693294375 0.6732982166666667 0.579149621875
3 0.58045358125 0.5695763781250001 0.4998010145833333 0.561833690625 0.47796857083333333 0.6586105140625 0.55976285625 0.6679965 0.58045358125 0.5695763781250001
49 0.48833340000000003 0.560731259375 0.4083985229166667 0.553099871875 0.38733507708333337 0.650102934375 0.46891179583333337 0.6568602343750001 0.48833340000000003 0.560731259375
18 0.39950165416666666 0.5508672671875 0.31885655416666664 0.5432107562499999 0.2970374895833333 0.6425509421875 0.3780290604166667 0.648673046875 0.39950165416666666 0.5508672671875
61 0.7557351375 0.235351778125 0.38472498125 0.2004994734375 0.2835152875 0.647276265625 0.6604708625 0.6852634484375 0.7557351375 0.235351778125