54 0.25563016666666666 0.8771026734375 0.8075220645833333 0.8582456281249999 0.7773893208333333 0.1583482359375 0.17310346875 0.191866909375 0.25563016666666666 0.8771026734375
14 0.66800660625 0.81457330625 0.7949877604166667 0.8082922984375 0.7829039229166667 0.66337410625 0.6605555375000001 0.668363690625 0.66800660625 0.81457330625
13 0.5305950875 0.81895175625 0.6559116729166666 0.8143526671875 0.6443816104166668 0.670259353125 0.5214589166666667 0.676259134375 0.5305950875 0.81895175625
39 0.39918474583333335 0.8249442703125001 0.5193676666666667 0.821491915625 0.5053606666666667 0.6791281 0.384236575 0.6830705921875 0.39918474583333335 0.8249442703125001
9 0.2625745666666667 0.831232428125 0.38349417916666667 0.8267591937500001 0.36748833750000004 0.6859764515625 0.24968984375 0.6907077734375 0.2625745666666667 0.831232428125
2 0.6611314479166667 0.6589775718750001 0.7821555979166667 0.6537496796875 0.7733152937500001 0.5064657578125 0.6510425875 0.512428640625 0.6611314479166667 0.6589775718750001
16 0.5226091354166666 0.6658628203125 0.6431268312499999 0.6604186640624999 0.6328808875 0.5139485828125 0.5092703541666667 0.5194983625 0.5226091354166666 0.6658628203125
28 0.3820990145833333 0.6723718578125 0.50581766875 0.6682126484375 0.49385990625 0.5228168390625 0.3695994270833333 0.528404 0.3820990145833333 0.6723718578125
15 0.24629017083333335 0.6805697234375 0.3684138604166666 0.674789396875 0.35331200208333335 0.5288399593750001 0.23252843541666665 0.5371620609375001 0.24629017083333335 0.6805697234375
42 0.6470686083333334 0.5033007859375 0.7739143875 0.4952786484375 0.7683589854166667 0.34196274375 0.6403877729166666 0.350204278125 0.6470686083333334 0.5033007859375
21 0.5066341624999999 0.510783125 0.6334026229166666 0.503865721875 0.6255138145833333 0.3520261546875 0.49857771875 0.3567875921875 0.5066341624999999 0.510783125
45 0.36818752708333335 0.518641675 0.49437385625 0.5105347078125 0.48247946875000003 0.3596565578125 0.356269 0.36535391562499997 0.36818752708333335 0.518641675
33 0.22649096875 0.5266846953125001 0.35543973333333334 0.5184209265625 0.338182975 0.367847159375 0.21067253541666667 0.37361830625 0.22649096875 0.5266846953125001
51 0.63741109375 0.3371099171875 0.7683079166666666 0.3287111203125 0.7578244562500001 0.17288886875 0.6289762666666667 0.17824788593750002 0.63741109375 0.3371099171875
27 0.49651583541666666 0.34706216093750003 0.6255006770833333 0.3392624015625 0.6149414666666666 0.1824658734375 0.4828433166666667 0.18800887500000002 0.49651583541666666 0.34706216093750003
7 0.3534814916666667 0.354692565625 0.4818336375 0.34925118125 0.47038012291666664 0.1872501671875 0.33609823958333335 0.1982936546875 0.3534814916666667 0.354692565625
53 0.21178493541666665 0.3627355859375 0.33802463125 0.35741411093750003 0.32294720416666667 0.197084946875 0.19187742291666668 0.20745755625 0.21178493541666665 0.3627355859375