55 0.19512630208333331 0.820466796875 0.7702753916666667 0.8171206062499999 0.7234003916666667 0.1927529296875 0.2353053375 0.1919643546875 0.19512630208333331 0.820466796875
20 0.2412571625 0.356763671875 0.353608725 0.356763671875 0.3558404958333333 0.23406298749999999 0.2501861979166667 0.23521191406250003 0.2412571625 0.356763671875
0 0.3625371083333333 0.3573212890625 0.4756321625 0.3562060546875 0.47414453125 0.2335053703125 0.3683033854166667 0.23451464843749997 0.3625371083333333 0.3573212890625
42 0.48828125 0.3573212890625 0.6006321625000001 0.356763671875 0.5954244791666666 0.2323896484375 0.4854908854166667 0.233119628125 0.48828125 0.3573212890625
21 0.61179296875 0.3556484375 0.7248886729166667 0.3562060546875 0.7159596354166666 0.2335053703125 0.6073287749999999 0.232421875 0.61179296875 0.3556484375
37 0.2353053375 0.49571484374999997 0.34988867083333336 0.4951572265625 0.3528645833333333 0.3646484375 0.23902538958333333 0.36565283125 0.2353053375 0.49571484374999997
24 0.36179296875 0.4934838859375 0.4771204416666667 0.4968305671875 0.47637630208333337 0.3646484375 0.3645833333333333 0.3642578125 0.36179296875 0.4934838859375
51 0.4927454416666667 0.4940419921875 0.6043528645833334 0.4951572265625 0.6006321625000001 0.3646484375 0.48828125 0.36565283125 0.4927454416666667 0.4940419921875
27 0.6170013020833333 0.4951572265625 0.7315846354166666 0.49571484374999997 0.72265625 0.3652060546875 0.61179296875 0.3652060546875 0.6170013020833333 0.4951572265625
39 0.22265625 0.6451870125 0.3424479166666667 0.645744628125 0.3506321625 0.5040810546875 0.234375 0.50446435625 0.22265625 0.6451870125
9 0.357328775 0.645744628125 0.4800970041666667 0.6446293953125 0.4756321625 0.5040810546875 0.3627233083333333 0.5037666015625 0.357328775 0.645744628125
17 0.494233725 0.6429560546875 0.6095611979166667 0.645744628125 0.6028645833333334 0.5040810546875 0.4873509125 0.5037666015625 0.494233725 0.6429560546875
1 0.6229537749999999 0.643513671875 0.7442337250000001 0.646302246875 0.7300970062500001 0.5040810546875 0.61569921875 0.5030693359375 0.6229537749999999 0.643513671875
28 0.21521549583333333 0.80808251875 0.3402154958333333 0.8103134765625001 0.3394720041666667 0.6558217765625 0.22042382916666667 0.6565288078125 0.21521549583333333 0.80808251875
15 0.3528645833333333 0.8091977546875 0.478608725 0.8086401375 0.4793528645833333 0.6535908203125 0.3580729166666667 0.65373876875 0.3528645833333333 0.8091977546875
25 0.4972096354166667 0.8086401375 0.6177454416666667 0.8086401375 0.6110488291666667 0.654148925 0.490141275 0.65373876875 0.4972096354166667 0.8086401375
38 0.6326263020833333 0.8069667968750001 0.7576263020833333 0.8069667968750001 0.7464654937499999 0.653033203125 0.6236979166666666 0.654148925 0.6326263020833333 0.8069667968750001