56 0.03940441875 0.696719703125 0.938410975 0.73440114375 0.9643753083333333 0.549125546875 0.9812529062500001 0.30759274062499997 0.07366616041666667 0.23530797187500002 0.03940441875 0.696719703125
52 0.7671366208333333 0.303682984375 0.7504672 0.40125983906249996 0.9485141479166667 0.41462372031249994 0.9618920375 0.3195971484375 0.7671366208333333 0.303682984375
40 0.75023474375 0.41360244531249996 0.7362545416666666 0.508020075 0.9313390458333333 0.5211509249999999 0.9489471020833334 0.4253334203125 0.75023474375 0.41360244531249996
34 0.7333717833333334 0.5179069468749999 0.72266486875 0.6103348109375 0.9144366708333334 0.620394771875 0.93146815 0.53001070625 0.7333717833333334 0.5179069468749999
5 0.7193149041666668 0.623555565625 0.7067760833333333 0.7130297624999999 0.8959742458333333 0.7200775953125 0.9125675 0.63373275 0.7193149041666668 0.623555565625
48 0.5521105666666667 0.28785628281250003 0.5382477375000001 0.3867782734375 0.7371135875 0.3996452484375 0.753489125 0.3031691265625 0.5521105666666667 0.28785628281250003
32 0.5373533208333333 0.3985072390625 0.5252829208333334 0.49532272343750006 0.7228230375 0.5069612953125 0.7383997416666667 0.4108435453125 0.5373533208333333 0.3985072390625
4 0.523881025 0.5053263296875 0.5099008895833333 0.5997434765625 0.7089218729166666 0.61149878125 0.7198002333333334 0.5168371265625 0.523881025 0.5053263296875
30 0.50826539375 0.611414025 0.495999725 0.7042809609375 0.6923704729166666 0.7135800453125001 0.7071473020833333 0.6204897171875 0.50826539375 0.611414025
12 0.32207795625 0.2669139734375 0.3141794291666667 0.3713626859375 0.5224385125000001 0.38665595937499997 0.5349952062500001 0.285243090625 0.32207795625 0.2669139734375
6 0.3126996458333334 0.38192209843749997 0.30105882916666665 0.48101875625 0.5090448229166666 0.49291880781249997 0.5231244541666666 0.39668304375 0.3126996458333334 0.38192209843749997
19 0.3026588604166667 0.4963155640625 0.29370654583333333 0.592253434375 0.49720981875 0.5987430625 0.50979 0.5051988484375001 0.3026588604166667 0.4963155640625
11 0.29187578125 0.5999754328125 0.2799611604166667 0.6956793 0.482801825 0.7015552390625001 0.49796626875 0.609618875 0.29187578125 0.5999754328125
31 0.09126592916666666 0.2515287390625 0.08122393333333333 0.35524702656249996 0.29688869375 0.37112358749999996 0.3082625854166666 0.265965540625 0.09126592916666666 0.2515287390625
26 0.079666325 0.3663617640625 0.07239085208333333 0.466364484375 0.2891860770833333 0.47952089999999997 0.2978547583333333 0.3803305625 0.079666325 0.3663617640625
41 0.07067746458333332 0.478590840625 0.06273938541666667 0.577979871875 0.27770205416666666 0.588182571875 0.28969463125 0.49192240781249996 0.07067746458333332 0.478590840625
10 0.06496247291666667 0.5888306828125 0.05889471041666667 0.685557396875 0.26473723125 0.6967270234375 0.2769881604166667 0.6027350265625 0.06496247291666667 0.5888306828125