59 0.22890625 0.70878125 0.71953125 0.7150278328125 0.7372395833333333 0.10421045 0.22005208333333334 0.10078125 0.22890625 0.70878125
33 0.23886002708333332 0.28871533125000004 0.35170703125 0.2891489265625 0.34823502708333337 0.1520712890625 0.23871549375 0.152560546875 0.23886002708333332 0.28871533125000004
43 0.36270247291666663 0.2891489265625 0.4749713541666667 0.2895830078125 0.47728580625 0.1520712890625 0.3624134125 0.150390625 0.36270247291666663 0.2891489265625
12 0.4859661458333333 0.2904506828125 0.5970774750000001 0.29131787187499997 0.5993925791666667 0.1520712890625 0.48828125 0.1520180671875 0.4859661458333333 0.2904506828125
6 0.6127024750000001 0.2895830078125 0.7214986979166667 0.29088427656250004 0.7249713541666666 0.152938965625 0.6134257812499999 0.152560546875 0.6127024750000001 0.2895830078125
11 0.2458046875 0.43149170000000003 0.35402213541666666 0.432359375 0.34939257916666666 0.29831787187500003 0.24088541666666666 0.295247559375 0.2458046875 0.43149170000000003
51 0.36733203125 0.43366064375 0.47439257916666666 0.43149170000000003 0.47323502708333337 0.29875195312499997 0.36386002708333337 0.298502440625 0.36733203125 0.43366064375
27 0.48886002708333337 0.432359375 0.5924479166666666 0.432359375 0.5970774750000001 0.3000532234375 0.48755794375 0.300130371875 0.48886002708333337 0.432359375
7 0.6046009125 0.43366064375 0.7157115895833334 0.4340942375 0.7180266916666667 0.3000532234375 0.6086516916666667 0.29875195312499997 0.6046009125 0.43366064375
18 0.24811913958333334 0.568194825 0.35691536458333334 0.568194825 0.3551796875 0.44022656250000003 0.24450260416666666 0.43901904375 0.24811913958333334 0.568194825
31 0.3684895833333333 0.56776123125 0.4749713541666667 0.56776123125 0.47612825416666665 0.44066064374999997 0.3684895833333333 0.43979296874999996 0.3684895833333333 0.56776123125
26 0.4853880208333334 0.568194825 0.5912903645833333 0.5694965812499999 0.5941842458333333 0.44066064374999997 0.4853880208333334 0.44064648437500004 0.4853880208333334 0.568194825
41 0.6046009125 0.5690625 0.7110820312499999 0.5690625 0.7128183583333333 0.4410942390625 0.6032988291666667 0.4395615234375 0.6046009125 0.5690625
17 0.2510130208333333 0.69972265625 0.35980924583333335 0.7005903328125 0.3551796875 0.5743569328125 0.24811913958333334 0.57573779375 0.2510130208333333 0.69972265625
1 0.36675325416666665 0.70015625 0.47207747291666663 0.7018916015625 0.47439257916666666 0.5769599609375 0.36675325416666665 0.57573779375 0.36675325416666665 0.70015625
20 0.48191536458333334 0.7018916015625 0.5918691416666667 0.7023251953125 0.5930266916666667 0.5743569328125 0.4846640625 0.57465283125 0.48191536458333334 0.7018916015625
0 0.6028645833333334 0.7005903328125 0.7058736979166667 0.7031928703125 0.7081888020833333 0.5778271484374999 0.6032988291666667 0.5762802734375 0.6028645833333334 0.7005903328125