35 0.24942773541666666 0.32879541093750003 0.35308203125 0.32951513593750004 0.35598307291666664 0.2034013671875 0.2520690104166667 0.2045561515625 0.24942773541666666 0.32879541093750003
36 0.3658105479166667 0.3288530265625 0.46856185 0.3303588875 0.4729238270833333 0.2033427734375 0.36818229166666666 0.2037333984375 0.3658105479166667 0.3288530265625
8 0.48155338541666665 0.3305659171875 0.5867682291666667 0.33051904374999996 0.5912591145833334 0.2020952140625 0.4856165375 0.20216601562499997 0.48155338541666665 0.3305659171875
29 0.6005872395833334 0.3301860359375 0.7079225250000001 0.3301337890625 0.7123222666666666 0.201654296875 0.6030501312500001 0.20185253906249997 0.6005872395833334 0.3301860359375
38 0.24759114583333333 0.46197998125 0.35033658958333336 0.46166748125 0.35366796875 0.3380478515625 0.24991276041666666 0.3372568359375 0.24759114583333333 0.46197998125
37 0.3635755208333334 0.46352001875 0.46706836041666666 0.46441748125000004 0.47055338541666664 0.33976562499999996 0.36525716041666667 0.33882421875 0.3635755208333334 0.46352001875
24 0.47919401041666665 0.4641372078125 0.5850930979166667 0.4644248046875 0.587827475 0.3398583984375 0.48185546875 0.3391376953125 0.47919401041666665 0.4641372078125
23 0.5967246083333334 0.4650224609375 0.70257421875 0.4672236328125 0.7087454416666666 0.3395478515625 0.59970703125 0.33882421875 0.5967246083333334 0.4650224609375
44 0.2436328125 0.5953710937500001 0.34569986875 0.597189453125 0.3500553375 0.47280810625 0.24782291666666667 0.46984033125 0.2436328125 0.5953710937500001
3 0.35946484375 0.596545409375 0.46347526041666665 0.5982509765625 0.46711718750000003 0.473283203125 0.3631673166666667 0.47234765625 0.35946484375 0.596545409375
49 0.47586262916666666 0.59834765625 0.5814687500000001 0.60137939375 0.5855013020833333 0.4755483390625 0.47851171875 0.47328808593750005 0.47586262916666666 0.59834765625
14 0.5967819 0.47485498125000003 0.5970527333333333 0.47604296875 0.5952174479166668 0.6009213859375 0.7007623708333334 0.6036162109375 0.7047617187499999 0.4763833 0.5967819 0.47485498125000003
0 0.24039387916666666 0.7283525390625 0.34365625000000005 0.7308217765625 0.34552669375 0.6063598625 0.24280794166666667 0.604617675 0.24039387916666666 0.7283525390625
2 0.3540891916666667 0.731665528125 0.45968619791666665 0.734802246875 0.46290560000000003 0.6077421875 0.35954492083333334 0.605813965625 0.3540891916666667 0.731665528125
42 0.4725696625 0.7342353515625 0.5790579416666667 0.7373369140625 0.57951171875 0.610193359375 0.47558658958333333 0.6080654296875 0.4725696625 0.7342353515625
21 0.5917506499999999 0.7383862296875 0.6991692708333334 0.7418486328125 0.7033958333333333 0.613313965625 0.59343815 0.6093193359375 0.5917506499999999 0.7383862296875
62 0.22880989583333333 0.73851220625 0.7154361979166667 0.75301953125 0.7270631520833334 0.15840478593750001 0.24281901041666665 0.1626748046875 0.22880989583333333 0.73851220625