58 0.8627565854166667 0.6714104187500001 0.87696499375 0.3327718328125 0.15419585 0.3491202 0.13789615416666667 0.68362090625 0.8627565854166667 0.6714104187500001
36 0.80598133125 0.66389610625 0.8085356645833334 0.5893224203125 0.6519042 0.59187651875 0.6484904604166667 0.6652760453125001 0.80598133125 0.66389610625
8 0.81121470625 0.5824303875 0.8128302291666666 0.509396203125 0.6545459916666666 0.5102507000000001 0.652308175 0.583190609375 0.81121470625 0.5824303875
29 0.8144053895833333 0.4982978625 0.8196193562499999 0.42551013906249996 0.6589011625 0.429021378125 0.6561057083333334 0.5015390546875 0.8144053895833333 0.4982978625
45 0.8195882708333334 0.417917821875 0.8233966645833333 0.3442934421875 0.6632967354166667 0.3469233171875 0.6621957625 0.420271828125 0.8195882708333334 0.417917821875
44 0.6375865854166667 0.665947703125 0.6408611000000001 0.5916838531249999 0.48829744374999995 0.5937156421875 0.48310909166666666 0.6680213046875 0.6375865854166667 0.665947703125
3 0.6428957020833334 0.5828534703125 0.64695115625 0.5104166265625001 0.49025973749999996 0.5142738171875 0.4880219416666666 0.5872132375 0.6428957020833334 0.5828534703125
49 0.6459096291666667 0.5025213046875 0.6483147333333333 0.4314218109375 0.49234256666666665 0.4322262859375 0.49132237916666666 0.503837809375 0.6459096291666667 0.5025213046875
19 0.6511430062500001 0.4210555859375 0.6549826479166666 0.35014195937500003 0.4989700791666667 0.351815171875 0.49563716875 0.423476734375 0.6511430062500001 0.4210555859375
40 0.47273095833333334 0.6695493328125 0.47719373958333333 0.59482608125 0.32225675625 0.5982110171875 0.31706775 0.67251669375 0.47273095833333334 0.6695493328125
34 0.47809121875000005 0.5853694078125 0.48035215416666666 0.51449026875 0.32723019166666667 0.51610033125 0.32218325208333337 0.5873654125 0.47809121875000005 0.5853694078125
5 0.48038152083333335 0.50505305 0.48359201041666666 0.432417459375 0.3298316 0.43534276250000004 0.3253018916666666 0.5078988140625 0.48038152083333335 0.50505305
53 0.48559030000000003 0.4241301578125 0.4896012791666667 0.3528872203125 0.3330708041666667 0.3532699640625 0.32907922500000003 0.42668162656249997 0.48559030000000003 0.4241301578125
32 0.3056565333333333 0.674284496875 0.30997720833333336 0.598912728125 0.15619659583333334 0.6022724 0.15234575833333333 0.672643984375 0.3056565333333333 0.674284496875
4 0.3124368541666667 0.590615834375 0.3161278458333333 0.516342884375 0.15834066041666667 0.518922234375 0.15364937916666666 0.5949522593750001 0.3124368541666667 0.590615834375
30 0.3159331270833333 0.508103496875 0.3187690083333334 0.4347165921875 0.16381182291666668 0.43853589531250003 0.16039808125 0.5119354234375 0.3159331270833333 0.508103496875
10 0.32070942708333333 0.42827462499999996 0.3224655083333333 0.35523736875 0.16822759791666667 0.3560034671875 0.16543277291666666 0.42852161562499996 0.32070942708333333 0.42827462499999996