62 0.11774494791666666 0.363562115625 0.15315016458333333 0.6723724515625 0.8486736979166667 0.6181698765625 0.80453535 0.280008 0.11774494791666666 0.363562115625
35 0.16886534791666669 0.3654238296875 0.1775349291666667 0.43419681875 0.31873668125 0.4178731671875 0.3092736833333333 0.3493581859375 0.16886534791666669 0.3654238296875
36 0.17666301041666665 0.442121584375 0.18679769583333333 0.5091441875 0.32824710833333337 0.494933240625 0.3191731145833333 0.4256664859375 0.17666301041666665 0.442121584375
8 0.18640592083333332 0.5177329140625 0.19326342708333336 0.5843725656250001 0.33668107500000005 0.5706765703125 0.3277315604166667 0.502466103125 0.18640592083333332 0.5177329140625
29 0.19430730208333333 0.592639253125 0.20432998958333334 0.6584265109375 0.34567860833333336 0.64743158125 0.338490925 0.577975315625 0.19430730208333333 0.592639253125
38 0.3185443104166667 0.349495590625 0.3293299333333334 0.41787769218750004 0.47343425 0.40161902187500004 0.46397119583333335 0.33310355468749997 0.3185443104166667 0.349495590625
37 0.3280076458333333 0.4251350109375 0.3372929708333333 0.493668334375 0.48152988541666664 0.47882074531249996 0.47391193958333333 0.40976429531249997 0.3280076458333333 0.4251350109375
24 0.3381638520833333 0.501595809375 0.3466382520833333 0.569319615625 0.49249565416666663 0.5560907078125 0.48204889166666665 0.48731845937499996 0.3381638520833333 0.501595809375
23 0.34660310625 0.5771603125 0.3536669604166667 0.645560225 0.5000379020833333 0.6326363140625 0.49100516875 0.5637215171875 0.34660310625 0.5771603125
44 0.4739138666666667 0.33121415 0.48245650625000003 0.4007125859375 0.6339897666666666 0.38299486250000003 0.6246687645833333 0.311615334375 0.4739138666666667 0.33121415
3 0.48299397083333334 0.40867355937500005 0.49145403958333334 0.47746759843750003 0.6422098833333333 0.461252871875 0.6340377875000001 0.391539403125 0.48299397083333334 0.40867355937500005
49 0.4920224916666667 0.4856929015625 0.5001044729166667 0.555326275 0.6530755645833334 0.54173926875 0.64246365625 0.47155823124999996 0.4920224916666667 0.4856929015625
14 0.5009478395833333 0.5618321109375 0.5104335770833334 0.6312353078124999 0.6619316958333333 0.621358278125 0.6520153395833332 0.5489702609375 0.5009478395833333 0.5618321109375
0 0.6356152958333333 0.310960821875 0.6430951875 0.382792271875 0.8020898875 0.3636127203125 0.79367013125 0.2917865484375 0.6356152958333333 0.310960821875
2 0.6430813125 0.38991863125 0.6503309458333334 0.46079356875000005 0.8093905874999999 0.4462382765625 0.8017901583333333 0.37326099375 0.6430813125 0.38991863125
42 0.6517774833333333 0.46919760781250003 0.6620158958333333 0.5401283734375 0.8211581104166666 0.526277478125 0.8107701770833333 0.45393683749999997 0.6517774833333333 0.46919760781250003
21 0.6616749083333333 0.54942469375 0.67177398125 0.619301153125 0.8324547041666667 0.6063639921874999 0.82296801875 0.5335767078125 0.6616749083333333 0.54942469375