59 0.8858724812500001 0.6032810046875 0.8394857958333334 0.31979028125000003 0.23482714583333333 0.3588352640625 0.2784242791666667 0.6431400734375 0.8858724812500001 0.6032810046875
33 0.8050369770833333 0.393887609375 0.7962012395833333 0.332078790625 0.6635254854166667 0.34127723906249996 0.6712949895833333 0.40456555156249996 0.8050369770833333 0.393887609375
43 0.81475756875 0.46317569687500004 0.8051320520833334 0.39977512656249997 0.67100076875 0.41112986406249996 0.67865594375 0.47355155625 0.81475756875 0.46317569687500004
12 0.8236169416666667 0.53033051875 0.8149257124999999 0.4685134640625 0.6827387166666666 0.478120625 0.6886090645833334 0.540207471875 0.8236169416666667 0.53033051875
6 0.8332238479166667 0.5987519484375 0.8255107791666667 0.5377522796875 0.6922878083333334 0.54610878125 0.7003470125 0.60719823125 0.8332238479166667 0.5987519484375
11 0.6626945354166666 0.40592886093749997 0.6553590958333333 0.34228825937499996 0.5246377208333334 0.353121596875 0.5310270104166667 0.41474229687499997 0.6626945354166666 0.40592886093749997
51 0.6740284583333334 0.4742518609375 0.6637842604166667 0.41165017812500004 0.5323455375 0.4203420484375 0.5415562333333334 0.48136537968750004 0.6740284583333334 0.4742518609375
27 0.6838107354166667 0.539607809375 0.6754520666666667 0.47809935000000003 0.5453493083333334 0.48813330937500005 0.5534085125 0.5492227609375 0.6838107354166667 0.539607809375
7 0.6926701083333333 0.60676263125 0.6843828791666666 0.5457956859374999 0.5547276208333333 0.5548219859375 0.5638593249999999 0.6158503109375 0.6926701083333333 0.60676263125
18 0.5268612979166667 0.4145431484375 0.5174689770833333 0.3528755640625 0.38684822708333333 0.360101596875 0.3952503520833333 0.42379042343749995 0.5268612979166667 0.4145431484375
31 0.5347977708333332 0.48349684374999996 0.5279826062499999 0.42157286406249994 0.39766392291666663 0.4288911921875 0.408197025 0.49114885937499997 0.5347977708333332 0.48349684374999996
26 0.5451555020833333 0.5488199921875 0.5361733979166666 0.48952941406250006 0.40842173958333333 0.497247028125 0.41757527291666663 0.5578370500000001 0.5451555020833333 0.5488199921875
41 0.5574123895833334 0.615344609375 0.54634981875 0.55529946875 0.41883663541666666 0.5630034890625 0.4269529395833333 0.6245257625 0.5574123895833334 0.615344609375
17 0.38765186041666666 0.42335035000000004 0.3771759229166667 0.36152599375 0.24775376666666665 0.3697753828125 0.2569644625 0.4307987125 0.38765186041666666 0.42335035000000004
1 0.39967556666666665 0.49250717499999996 0.3890852979166667 0.42981619843749996 0.259029875 0.43766510781249995 0.27008191666666664 0.49945663281249997 0.39967556666666665 0.49250717499999996
20 0.4083634479166667 0.558362065625 0.3988089166666667 0.4982314671875 0.268751175 0.5069536484375 0.27968888541666664 0.56787855 0.4083634479166667 0.558362065625
0 0.41883550833333333 0.6245518359375 0.4119166604166667 0.5645985703124999 0.2787048791666667 0.5736090390624999 0.2861308166666667 0.6342980140625001 0.41883550833333333 0.6245518359375