45 0.23219567708333333 0.8151184015625 0.33600027708333335 0.8102510531249999 0.32801503541666666 0.6891128203125 0.22385153958333334 0.69233796875 0.23219567708333333 0.8151184015625
33 0.348469625 0.81049558125 0.4507316791666666 0.8050346234375001 0.4433435083333333 0.6806838468749999 0.3379843979166666 0.6859187375 0.348469625 0.81049558125
43 0.46228861458333337 0.8042485046875001 0.5666437979166666 0.800207525 0.5581984354166667 0.6760855328125001 0.4545176354166667 0.680171465625 0.46228861458333337 0.8042485046875001
12 0.57778020625 0.7977460749999999 0.6810836145833333 0.7935608296875001 0.6752190833333334 0.6702374546875001 0.5701909208333333 0.6750163765625 0.57793110625 0.795157684375 0.5767500229166667 0.7986226624999999 0.57778020625 0.7977460749999999
7 0.22558463958333333 0.6834063609375 0.32857378541666665 0.677715653125 0.32076699375 0.5556567984375 0.21799843124999999 0.5603645078125 0.22558463958333333 0.6834063609375
53 0.3391163354166667 0.677341709375 0.44239021875 0.6720314093749999 0.4354495354166667 0.549208528125 0.33271204583333336 0.554061328125 0.3391163354166667 0.677341709375
18 0.45428883541666665 0.6713217890625 0.5579307583333333 0.666470921875 0.5501707104166667 0.543290165625 0.4476795145833333 0.5487901625 0.45428883541666665 0.6713217890625
31 0.56920203125 0.665779940625 0.6742964041666667 0.661111671875 0.6641145604166667 0.5375063671875 0.5619790395833333 0.5431175703125 0.56920203125 0.665779940625
20 0.21671285208333335 0.55137289375 0.32022971666666666 0.546224765625 0.31281910625 0.423642915625 0.20877351041666667 0.4287489921875 0.21671285208333335 0.55137289375
0 0.33249489374999996 0.5453072515625 0.43502219583333335 0.540027871875 0.4280087270833333 0.417636903125 0.3248084958333333 0.42313124375 0.33249489374999996 0.5453072515625
50 0.44708024583333333 0.5395605640625 0.5489406875 0.5345495546875 0.5425299104166666 0.4122132703125 0.43967113125 0.41688359999999997 0.44708024583333333 0.5395605640625
35 0.5607518145833333 0.53388119375 0.6636375833333333 0.5292122859374999 0.6580029166666667 0.40718175 0.5539037937500001 0.4114299609375 0.5607518145833333 0.53388119375
37 0.20821574791666667 0.419017815625 0.31318921041666664 0.41470717031250004 0.30450648124999996 0.2910665203125 0.20001747083333335 0.29584166875 0.20821574791666667 0.419017815625
24 0.32345753541666666 0.41368173593749996 0.42655623125000003 0.40914980625 0.4193486416666667 0.2858252203125 0.3162981791666667 0.2897669328125 0.32345753541666666 0.41368173593749996
23 0.4390271625 0.40855049687499995 0.54253174375 0.40322944375 0.5353168708333332 0.27996220312500003 0.4325809416666667 0.2838223 0.4390271625 0.40855049687499995
47 0.5535438791666666 0.4021199203125 0.6587109812499999 0.397484446875 0.6517895791666667 0.2717499625 0.5481918729166666 0.27848477968749996 0.5535438791666666 0.4021199203125
60 0.22257038125 0.857457521875 0.6950255791666666 0.8342142499999999 0.6657718083333334 0.2573093125 0.1842796625 0.2844124890625 0.22257038125 0.857457521875