56 0.16432291666666668 0.8212197265625001 0.77890625 0.7985756828125 0.7341145833333333 0.11201904375 0.16536458333333334 0.0958984375 0.16432291666666668 0.8212197265625001
52 0.18247786458333334 0.297537596875 0.3134303375 0.2997685546875 0.3104537770833333 0.1508544921875 0.18322200416666667 0.1508090828125 0.18247786458333334 0.297537596875
40 0.32979882916666664 0.2986533203125 0.4562871083333333 0.2992109375 0.45331119791666663 0.15252783125 0.3245904958333333 0.1494140625 0.32979882916666664 0.2986533203125
34 0.4696803375 0.300326171875 0.5931920583333333 0.2986533203125 0.5864954416666667 0.1547583 0.46502994791666663 0.1515068359375 0.4696803375 0.300326171875
5 0.6110488291666667 0.2997685546875 0.7308404937499999 0.2997685546875 0.7204238270833333 0.15810497968749998 0.6043528645833334 0.1547583 0.6110488291666667 0.2997685546875
48 0.18396549583333333 0.45935595781250005 0.31640625 0.45935595781250005 0.31268619791666663 0.3098837890625 0.18322200416666667 0.3077568359375 0.18396549583333333 0.45935595781250005
32 0.33203125 0.4587978515625 0.4614954416666667 0.45768261718750003 0.4562871083333333 0.309326171875 0.32738086041666664 0.3077568359375 0.33203125 0.4587978515625
4 0.47488867083333336 0.45768261718750003 0.6013763020833333 0.458240234375 0.59616796875 0.3087685546875 0.4696803375 0.310546875 0.47488867083333336 0.45768261718750003
30 0.6170013020833333 0.458240234375 0.7412571604166666 0.45768261718750003 0.7330729166666666 0.31044140625 0.6082591145833334 0.30915185625 0.6170013020833333 0.458240234375
12 0.18024544375 0.63288623125 0.3193821625 0.6278667 0.31789453125 0.47114453125000005 0.18229166666666666 0.472377440625 0.18024544375 0.63288623125
6 0.33351953125 0.6278667 0.4659596354166667 0.626193359375 0.4600071625 0.470028809375 0.3311009125 0.46958691406249997 0.33351953125 0.6278667
19 0.48604882916666664 0.623404784375 0.6140253916666667 0.6200585937499999 0.6013763020833333 0.4677978515625 0.4761907541666667 0.46819189375 0.48604882916666664 0.623404784375
11 0.6244420583333333 0.6206162109375 0.75241796875 0.6195009765624999 0.7390253916666667 0.4677978515625 0.61569921875 0.466099121875 0.6244420583333333 0.6206162109375
31 0.18396549583333333 0.8064169921875 0.3223587229166667 0.8030703125 0.32087044374999996 0.6407709953125 0.18043163958333333 0.6432758796875 0.18396549583333333 0.8064169921875
26 0.3372395833333333 0.8030703125 0.47042382916666664 0.79805078125 0.4652154958333333 0.635193359375 0.3329615875 0.63909033125 0.3372395833333333 0.8030703125
41 0.48679296875 0.79805078125 0.6192337250000001 0.7935888671875 0.6103053374999999 0.632404784375 0.4815846354166667 0.6335200203125 0.48679296875 0.79805078125
10 0.6333704416666667 0.79080029375 0.7620904937499999 0.78522314375 0.75539453125 0.6307314453124999 0.6296503916666667 0.63141748125 0.6333704416666667 0.79080029375