56 0.2421875 0.7094462890625 0.6866321604166666 0.7192070312500001 0.6892363270833334 0.1887197265625 0.2604166666666667 0.1832680671875 0.2421875 0.7094462890625
52 0.26953125 0.3351987296875 0.36138736875 0.3373286140625 0.36375455624999997 0.22446386718750003 0.2710703125 0.22425439531250002 0.26953125 0.3351987296875
40 0.37227734375000004 0.335908690625 0.46602734375000004 0.33697363281250003 0.46602734375000004 0.22517382812500003 0.37405273333333333 0.22469824218749998 0.37227734375000004 0.335908690625
34 0.4778645833333333 0.336263671875 0.5687734375000001 0.338393065625 0.5716145833333334 0.22517382812500003 0.47881185 0.22425439531250002 0.4778645833333333 0.336263671875
5 0.58392513125 0.33697363281250003 0.67578125 0.3380380859375 0.6753079416666666 0.22765820312499999 0.5835703124999999 0.2251420890625 0.58392513125 0.33697363281250003
48 0.2662167979166667 0.454169921875 0.35712565 0.457009278125 0.3594934895833333 0.3448544921875 0.2669270833333333 0.3423295890625 0.2662167979166667 0.454169921875
32 0.36943685 0.45558935624999997 0.46129231666666665 0.4559443359375 0.4641334645833333 0.345564453125 0.3716855479166667 0.344548828125 0.36943685 0.45558935624999997
4 0.47360351666666667 0.4562993171875 0.5668795583333334 0.457009278125 0.56830013125 0.346273925 0.4764440104166667 0.345880859375 0.47360351666666667 0.4562993171875
30 0.5768229166666666 0.457009278125 0.6734140624999999 0.4587836921875 0.6743606770833334 0.34662890625 0.5806106770833334 0.3463247078125 0.5768229166666666 0.457009278125
12 0.25674739583333334 0.5734956062500001 0.3533378895833333 0.5763349609375 0.35712565 0.462760253125 0.26278385416666666 0.46173632812500004 0.25674739583333334 0.5734956062500001
6 0.36328125 0.5756249999999999 0.45987239583333334 0.576689940625 0.46366015624999996 0.46524511718749995 0.3693183604166667 0.4626245125 0.36328125 0.5756249999999999
19 0.46981510416666666 0.576689940625 0.56640625 0.57775439375 0.5659329416666666 0.46524511718749995 0.47170898333333333 0.4639560546875 0.46981510416666666 0.576689940625
11 0.5763496083333333 0.579174315625 0.6748346354166667 0.58059375 0.6705729166666666 0.465954590625 0.5770598958333333 0.46484375 0.5763496083333333 0.579174315625
31 0.2501184895833333 0.6984755859375 0.34765625 0.702024903125 0.3509707020833333 0.583836425 0.25627343750000003 0.5829189453125 0.2501184895833333 0.6984755859375
26 0.3599667979166667 0.7006049796875 0.45419010416666666 0.702024903125 0.45750455624999997 0.5852563468749999 0.36186067708333336 0.5831269531250001 0.3599667979166667 0.7006049796875
41 0.4688684895833333 0.7023798828125 0.5649856770833334 0.7034443359375 0.5659329416666666 0.5873857421875 0.4693417979166667 0.5846948234375 0.4688684895833333 0.7023798828125
10 0.5749290354166666 0.7030893546875 0.6729401041666667 0.7059292 0.6734140624999999 0.58916015625 0.5758756500000001 0.5864702140625 0.5749290354166666 0.7030893546875