61 0.16213118958333333 0.3757785046875 0.18996260208333335 0.76631926875 0.9829928395833334 0.7482111406249999 0.9885156291666667 0.5109107859375001 0.9848151854166667 0.3518797296875 0.16213118958333333 0.3757785046875
6 0.9617314666666666 0.738089540625 0.9579014499999999 0.6528832765625 0.775777575 0.6574038796874999 0.7790677041666666 0.7428590953125 0.9617314666666666 0.738089540625
19 0.9587016895833333 0.6428624609375 0.9537563791666667 0.558642890625 0.7716091270833334 0.5621867390624999 0.7755389312500001 0.647147890625 0.9587016895833333 0.6428624609375
11 0.9548723166666666 0.5482529578124999 0.9489375375000001 0.4634314265625 0.7648271020833334 0.46650393125 0.7707087270833333 0.5514480453124999 0.9548723166666666 0.5482529578124999
50 0.9493869291666667 0.45243671250000006 0.9466874729166667 0.36673210156249997 0.7606593 0.37128678437499996 0.7665295666666666 0.45574252031249995 0.9493869291666667 0.45243671250000006
26 0.7673037937499999 0.7428396609375 0.76207995625 0.658011925 0.5831752458333334 0.6610389890625 0.5870823229166666 0.7450233796875 0.7673037937499999 0.7428396609375
41 0.7626464125 0.6476267859375 0.7578899625 0.5637719296875 0.57640576875 0.5677984703125001 0.5815795354166667 0.650306365625 0.7626464125 0.6476267859375
10 0.7563756333333332 0.553038596875 0.7517248875 0.4666182984375 0.5715869270833333 0.47258700625000005 0.5748543270833333 0.557065459375 0.7563756333333332 0.553038596875
25 0.7509044479166668 0.4578328265625 0.74884650625 0.37090141718749997 0.5641424958333333 0.3764215 0.5700923062500001 0.4642958984375 0.7509044479166668 0.4578328265625
36 0.5728619166666667 0.7469793046875 0.5686812208333334 0.659211584375 0.3866368958333333 0.6671508515625 0.39323775 0.7550195656249999 0.5728619166666667 0.7469793046875
8 0.5673907333333333 0.651773534375 0.5619231083333334 0.5664594468749999 0.38179651458333336 0.572916534375 0.38832853125 0.657854971875 0.5673907333333333 0.651773534375
29 0.5635755645833334 0.557774509375 0.5584511583333334 0.47319014531250003 0.376977675 0.4777050703125 0.3828479375 0.56216080625 0.5635755645833334 0.557774509375
47 0.5581043791666667 0.4625687390625 0.5523195208333332 0.37750166093750004 0.3708239625 0.38103981875000004 0.3786687770833333 0.46645527812500004 0.5581043791666667 0.4625687390625
44 0.38093247083333337 0.7541500171875 0.37681066458333334 0.6682135828125 0.1966158875 0.6717403875 0.20117335625 0.7557191000000001 0.38093247083333337 0.7541500171875
3 0.3754612854166667 0.658944246875 0.37134143541666664 0.5730077953125 0.19312120833333332 0.5774943234375 0.19705101458333332 0.6624554765624999 0.3754612854166667 0.658944246875
49 0.37078970208333334 0.5631208984375 0.36455940833333333 0.4773249875 0.18503774999999997 0.4818228765625 0.19096483541666667 0.5687205125 0.37078970208333334 0.5631208984375
18 0.36370511874999994 0.4685398125 0.35843913749999995 0.382124884375 0.17956852083333336 0.3866170890625 0.18546151041666667 0.472049584375 0.36370511874999994 0.4685398125