58 0.9040341416666667 0.6344441453125 0.9187141937500001 0.2958915671875 0.19291795833333333 0.2836841796875 0.18068837083333333 0.61809993125 0.9040341416666667 0.6344441453125
36 0.8573331145833334 0.37795871875 0.8611420541666667 0.3034039734375 0.7033391145833333 0.30202438125 0.700492225 0.3754052671875 0.8573331145833334 0.37795871875
8 0.85481193125 0.457864634375 0.8594307375 0.384849 0.7001553333333334 0.3840889703125 0.696168575 0.457010353125 0.85481193125 0.457864634375
29 0.8544538625 0.5417293921875 0.85544334375 0.46896015625 0.69698838125 0.46571978906249994 0.6935968479166666 0.5382190453125 0.8544538625 0.5417293921875
45 0.851303775 0.6229254625 0.8537741375 0.54931978125 0.6961530375 0.5469663734375 0.690991425 0.62029625625 0.851303775 0.6229254625
44 0.6894025208333333 0.3755978859375 0.6924628458333333 0.3013528953125 0.5377407645833333 0.2992798203125 0.5365959291666667 0.3735666109375 0.6894025208333333 0.3755978859375
3 0.6885671791666667 0.45684447031250003 0.6906883666666667 0.3844260234375 0.5357642270833334 0.38006736406249997 0.5317774854166667 0.4529882578125 0.6885671791666667 0.45684447031250003
49 0.6831865666666667 0.5358192234375 0.6868483729166667 0.4647377875 0.5319515625 0.463421615625 0.5268573208333334 0.5350149531249999 0.6831865666666667 0.5358192234375
19 0.6829295854166666 0.6170784312500001 0.68513705625 0.546182815625 0.5294135125 0.5437622828124999 0.5266340333333334 0.6154056437500001 0.6829295854166666 0.6170784312500001
40 0.52555676875 0.3724564546875 0.5274648270833333 0.29775218125 0.3716301395833333 0.2947855734375 0.3704859583333333 0.369072378125 0.52555676875 0.3724564546875
34 0.5218613479166667 0.45277186093750005 0.5256488895833333 0.381910725 0.3694858 0.379915228125 0.36845890000000003 0.45116220937499996 0.5218613479166667 0.45277186093750005
5 0.5180992083333333 0.5348238265624999 0.52108464375 0.462206684375 0.3658247416666667 0.4593616421875 0.3641689229166667 0.5318992687499999 0.5180992083333333 0.5348238265624999
53 0.5173312333333333 0.6143338671875 0.51939503125 0.5431090249999999 0.36267463541666667 0.540558203125 0.3604061291666667 0.6139512218750001 0.5173312333333333 0.6143338671875
32 0.35823283125 0.36837084375 0.3603387833333333 0.29301821875 0.20646933750000002 0.294658315625 0.20431939166666666 0.3650120265625 0.35823283125 0.36837084375
4 0.3573469645833333 0.4509197171875 0.3599904520833333 0.3766656296875 0.20113991875 0.372330309375 0.19934935625 0.44834102187499997 0.3573469645833333 0.4509197171875
30 0.3530226395833333 0.532525278125 0.35644788541666667 0.4591570140625 0.20081556458333333 0.45532605937500004 0.19796867708333332 0.5287069453125001 0.3530226395833333 0.532525278125
10 0.34993994375 0.611984315625 0.35441806875000004 0.5389656109375001 0.1987386125 0.53871868125 0.19534640833333333 0.6112184125 0.34993994375 0.611984315625