62 0.2643229166666667 0.753462890625 0.7196803395833334 0.75680908125 0.6988470062500001 0.23462060468749998 0.28366796875 0.23521191406250003 0.2643229166666667 0.753462890625
35 0.2903645833333333 0.3789458015625 0.3826940104166667 0.3800107421875 0.38553515624999996 0.27353466718749997 0.29296875 0.2730825203125 0.2903645833333333 0.3789458015625
36 0.39311067708333336 0.37965576093750003 0.48638736875 0.3803657234375 0.48638736875 0.2738896484375 0.39595182291666664 0.27219482500000003 0.39311067708333336 0.37965576093750003
8 0.4963307291666667 0.3793251953125 0.5881868499999999 0.38003466874999997 0.5872395833333334 0.272139159375 0.49775065 0.27284912031249997 0.4963307291666667 0.3793251953125
29 0.5981295583333334 0.380744628125 0.69140625 0.38003466874999997 0.6871451812499999 0.2739140625 0.5983665354166666 0.27219482500000003 0.5981295583333334 0.380744628125
38 0.28941731666666665 0.49545654375000003 0.38174739583333334 0.496521484375 0.3841145833333333 0.3878916015625 0.29178515624999996 0.3858310546875 0.28941731666666665 0.49545654375000003
37 0.39263736875 0.496166503125 0.48544010416666666 0.49581152343749996 0.4859140625 0.38720605468749997 0.39358398333333333 0.3862749015625 0.39263736875 0.496166503125
24 0.4968040354166667 0.49545654375000003 0.5896067708333333 0.49723095624999997 0.5877128916666667 0.387561034375 0.49656705624999997 0.3871625984375 0.4968040354166667 0.49545654375000003
23 0.59955013125 0.49545654375000003 0.6923535145833333 0.496166503125 0.6899856770833334 0.3861411140625 0.5981295583333334 0.3868510734375 0.59955013125 0.49545654375000003
44 0.28231510416666666 0.6168876953125 0.37843294375000003 0.6175971671875 0.38174739583333334 0.5033129890625 0.28823372291666666 0.5030185546875 0.28231510416666666 0.6168876953125
3 0.38979622291666666 0.6168876953125 0.48354622291666666 0.6168876953125 0.4849667979166667 0.5033129890625 0.3924003895833333 0.5030185546875 0.38979622291666666 0.6168876953125
49 0.49727734375000004 0.616177734375 0.5919746083333333 0.6179521484375 0.5896067708333333 0.502958496875 0.4959752604166667 0.5030185546875 0.49727734375000004 0.616177734375
14 0.6014440104166667 0.616532715625 0.6989817708333333 0.6175971671875 0.6918795583333334 0.5040229484375 0.5983665354166666 0.5030185546875 0.6014440104166667 0.616532715625
0 0.27852734375000004 0.74435205 0.3751184895833333 0.74435205 0.37937955624999997 0.624389159375 0.2829069 0.6250888671875 0.27852734375000004 0.74435205
2 0.38790234375000004 0.743287596875 0.4859140625 0.7425776359375 0.48402018333333335 0.6229697265625 0.3888496104166667 0.6237573234375 0.38790234375000004 0.743287596875
42 0.4963307291666667 0.7429326171875 0.5938684895833333 0.74435205 0.59102734375 0.624744140625 0.4953834645833333 0.6233129890625 0.4963307291666667 0.7429326171875
21 0.6038118499999999 0.7450620109375 0.7018229166666666 0.745771971875 0.6975618479166666 0.6250991203125 0.6033378916666667 0.6236796874999999 0.6038118499999999 0.7450620109375