35 0.9840708291666667 0.64063636875 0.9298375375 0.29357549843749997 0.17619596041666666 0.3885370265625 0.24101184583333335 0.7298064703125 0.9840708291666667 0.64063636875
35 0.9271992270833334 0.6389184859375 0.914309025 0.5634909046875001 0.7517294520833333 0.5819973171874999 0.7639944583333332 0.6566221546875 0.9271992270833334 0.6389184859375
36 0.9118589333333333 0.55492255 0.899991775 0.47948812343749997 0.7369723604166667 0.49891851562499995 0.75001309375 0.574765425 0.9118589333333333 0.55492255
8 0.9009972312500001 0.4715094515625 0.88662204375 0.39406661875000004 0.7226551083333334 0.41491573437499996 0.7356286541666667 0.49033333749999997 0.9009972312500001 0.4715094515625
29 0.8854050208333334 0.3859039765625 0.8724398270833333 0.3109223765625 0.7097556520833332 0.3324988953125 0.7203638062500001 0.40774879531249997 0.8854050208333334 0.3859039765625
38 0.7547595250000001 0.6585472765625 0.7424313208333333 0.582618765625 0.5822836833333334 0.6017222624999999 0.5926909791666667 0.6756846515625 0.7547595250000001 0.6585472765625
37 0.74030495625 0.5755426625 0.7265251333333332 0.4996707671875 0.5670195583333334 0.5191381328125 0.5799259104166666 0.5941264281249999 0.74030495625 0.5755426625
24 0.7257671395833333 0.4920019421875 0.7130397520833333 0.4177575796875 0.5505273708333333 0.43669330000000006 0.5665749125 0.5130718562500001 0.7257671395833333 0.4920019421875
23 0.711229325 0.40846122500000004 0.6987225041666666 0.333754796875 0.53475549375 0.35460343125 0.5496235020833333 0.42718414375 0.711229325 0.40846122500000004
44 0.5828695854166667 0.6770208531249999 0.5670004062499999 0.6017146265625 0.41107578958333335 0.62164779375 0.42533217083333336 0.6977932828125 0.5828695854166667 0.6770208531249999
3 0.56913416875 0.59393486875 0.55523835 0.519605275 0.393703275 0.5410509921875 0.41080228958333337 0.6129407953125 0.56913416875 0.59393486875
49 0.5564530708333333 0.512913159375 0.5405483791666666 0.4369552953125 0.38124438125 0.4577105859375 0.39638108958333335 0.53200804375 0.5564530708333333 0.512913159375
14 0.5403944229166666 0.42899948437499996 0.5269701729166667 0.35767441093749996 0.3676356666666667 0.37450057187499997 0.3816239979166667 0.44892924218749997 0.5403944229166666 0.42899948437499996
0 0.4127531875 0.6974778171875 0.39919063125 0.62518496875 0.24306451041666666 0.6438306953125 0.25397819374999997 0.7172984859375 0.4127531875 0.6974778171875
2 0.40007208958333335 0.61645610625 0.3878801895833333 0.5417138328125 0.22658345000000002 0.5609481328125 0.24101162083333336 0.634452825 0.40007208958333335 0.61645610625
42 0.38401272291666666 0.5325420234375 0.37396602083333336 0.4602864125 0.21233396458333334 0.47737410156250004 0.22939564791666667 0.5527637999999999 0.38401272291666666 0.5325420234375
21 0.371137325 0.44968598125000003 0.3592761208333333 0.377636915625 0.19737465 0.3930074515625 0.21291515833333333 0.4698806796875 0.371137325 0.44968598125000003