57 0.174793925 0.8893086625000001 0.71200305 0.9495598140625001 0.7859047625 0.29379254375 0.24678872916666666 0.2419948984375 0.174793925 0.8893086625000001
13 0.18910753125 0.8419380859375 0.305312275 0.853167015625 0.32331894791666665 0.7145115890625 0.20590765208333334 0.702252503125 0.18910753125 0.8419380859375
39 0.31970247083333336 0.855097265625 0.43805912916666667 0.869345134375 0.45431481041666666 0.7285647890625 0.3356050666666667 0.7161809515625001 0.31970247083333336 0.855097265625
9 0.45067848125 0.8725754484375001 0.5704025875000001 0.8830388828125001 0.58600904375 0.7421961593749999 0.4678501854166666 0.7308435921875 0.45067848125 0.8725754484375001
22 0.58139640625 0.88452290625 0.7007983729166667 0.8965455 0.7180574791666667 0.7587965890625 0.5995935645833333 0.743990759375 0.58139640625 0.88452290625
40 0.20741971250000002 0.69381391875 0.3235089458333333 0.7061809 0.34400414375000005 0.562383928125 0.22300255416666664 0.5532038453125 0.20741971250000002 0.69381391875
34 0.3377427375 0.7080373921875001 0.45355052916666666 0.716718459375 0.4729048458333333 0.5777030953125 0.35669365833333333 0.566537659375 0.3377427375 0.7080373921875001
5 0.46948261458333335 0.7196043890625 0.587694175 0.7320524374999999 0.6006053916666667 0.5919291 0.48449254583333334 0.5797947703124999 0.46948261458333335 0.7196043890625
2 0.6008275895833334 0.7334474015625 0.7198934916666667 0.7471663265624999 0.7349982104166667 0.6048081265625 0.6188361708333333 0.5931584859375 0.6008275895833334 0.7334474015625
28 0.22429331458333335 0.543716225 0.3428532375 0.5543467734374999 0.35961065625 0.41508190312500004 0.24020254166666666 0.4031198921875 0.22429331458333335 0.543716225
15 0.357136175 0.5557190609375 0.473199875 0.568337596875 0.4899080979166667 0.4295574140625 0.37429698958333335 0.418938559375 0.357136175 0.5557190609375
46 0.4863562166666667 0.5695066953125 0.6049433041666668 0.5814842796875 0.6210023041666666 0.44264172031250004 0.5034434729166667 0.43183621875 0.4863562166666667 0.5695066953125
48 0.6184512270833333 0.584033540625 0.7333422208333332 0.5952884546874999 0.7512014062500001 0.458086125 0.6330425458333334 0.44673355781249996 0.6184512270833333 0.584033540625
4 0.24110542083333333 0.394224390625 0.35930565416666665 0.40516933593750004 0.37741066874999996 0.26554501406250003 0.26055025625 0.2543172 0.24110542083333333 0.394224390625
30 0.3725118916666667 0.40746154375000004 0.49020317916666667 0.420191428125 0.5064588604166667 0.2794110828125 0.3903460125 0.26727675156249997 0.3725118916666667 0.40746154375000004
42 0.5029838395833334 0.421832446875 0.6193005145833334 0.43357329218749996 0.6388514645833333 0.292620628125 0.51809570625 0.281018553125 0.5029838395833334 0.421832446875
21 0.6326442604166667 0.43612537968750004 0.7524406854166668 0.445876321875 0.7714408 0.3038919 0.6505867 0.2932587203125 0.6326442604166667 0.43612537968750004