45 0.9099198520833334 0.7090443515625 0.9173170875000001 0.6315855921875 0.7554989854166667 0.620628290625 0.7458746208333333 0.6981239 0.9099198520833334 0.7090443515625
33 0.9193060395833333 0.622396428125 0.9257096354166666 0.54599600625 0.7597081416666666 0.534149846875 0.7525911416666666 0.6128095953125 0.9193060395833333 0.622396428125
43 0.9262091145833333 0.53733825 0.9347764416666667 0.45958728125 0.7689374291666666 0.44855494374999993 0.7605197729166666 0.52581335 0.9262091145833333 0.53733825
12 0.9329965979166667 0.4510073515625 0.9412320895833334 0.3740142640625 0.77679735 0.3611841390625 0.76911945 0.43953561875 0.9295819083333333 0.45053540312499996 0.9340223270833333 0.4518913765625 0.9329965979166667 0.4510073515625
7 0.7342535916666667 0.6955986015625 0.7404493624999999 0.618628390625 0.5774334020833333 0.6074109328125 0.5699626208333334 0.684081140625 0.7342535916666667 0.6955986015625
53 0.7413603958333332 0.610778321875 0.7480989833333334 0.53365045625 0.5841847604166667 0.5216860015625 0.5769106625 0.5983534234375 0.7413603958333332 0.610778321875
18 0.7487455833333333 0.524750615625 0.75614296875 0.44741447812499996 0.59164446875 0.4360062625 0.5852620916666668 0.512581609375 0.7487455833333333 0.524750615625
31 0.7567305645833333 0.4389812609375 0.7645641416666666 0.36059620937500003 0.5991789854166666 0.350920221875 0.5929916562499999 0.42724796718749997 0.7567305645833333 0.4389812609375
20 0.5578590166666667 0.683780315625 0.5648452416666667 0.606495296875 0.4011881395833334 0.5949119890625 0.3940755354166667 0.6725822390625 0.5578590166666667 0.683780315625
0 0.5652648916666667 0.597295384375 0.5719448520833333 0.5207240453125 0.40859406875000004 0.5088735546875001 0.4021095375 0.5859725640625 0.5652648916666667 0.597295384375
50 0.5729342854166667 0.5117400078125 0.5798813625 0.43569928906250005 0.41668359375 0.4234106171875 0.40915117083333336 0.500142353125 0.5729342854166667 0.5117400078125
35 0.5805710375 0.42686990468749997 0.5881089541666668 0.35011840312500003 0.4254205166666667 0.33729823125 0.41716236458333333 0.41488864999999997 0.5805710375 0.42686990468749997
37 0.38108767083333334 0.671640115625 0.38937967916666666 0.5933942828125 0.22414773125 0.5826045234375 0.21653678958333333 0.6605566875 0.38108767083333334 0.671640115625
24 0.38938957291666665 0.5856563578125 0.39713768125000004 0.5087664281250001 0.23252206458333333 0.49692955312500003 0.22399716458333332 0.5737016406250001 0.38938957291666665 0.5856563578125
23 0.39800706041666667 0.49945862031250005 0.4047621708333333 0.4221586140625 0.240221675 0.41033511093749997 0.23163046041666666 0.4868631859375 0.39800706041666667 0.49945862031250005
47 0.4047597625 0.413858809375 0.41264656875 0.3354245265625 0.24487117708333334 0.32304048281250003 0.239979725 0.40060618124999997 0.4047597625 0.413858809375
60 0.9648196604166667 0.7220579609375 0.9970407979166667 0.369361203125 0.22757463541666667 0.3106879515625 0.19926935208333332 0.6706064109375001 0.9648196604166667 0.7220579609375