56 0.13125705416666666 0.8761374578125001 0.6998027166666667 0.9071709609375 0.824226025 0.228498740625 0.21451991875 0.1551444609375 0.13125705416666666 0.8761374578125001
52 0.15543123958333332 0.823038459375 0.28220344166666667 0.8335199515625 0.30247671875000004 0.6857584828125 0.17174339375 0.677141403125 0.15543123958333332 0.823038459375
40 0.2961210979166667 0.8361212265625 0.4247334104166667 0.8436762218749999 0.44474674375 0.6981320765625 0.31865578958333335 0.688221190625 0.2961210979166667 0.8361212265625
34 0.43629067916666664 0.8456605640625 0.5576902958333334 0.8524784359375 0.5810866958333333 0.71001324375 0.45822065833333336 0.6981317312499999 0.43629067916666664 0.8456605640625
5 0.5754824749999999 0.8539558828124999 0.6915183354166667 0.8602327984375 0.7183618458333334 0.720293253125 0.5990078458333333 0.7103821921875 0.5754824749999999 0.8539558828124999
48 0.17367255 0.6670459281250001 0.30291094375 0.6756432453125 0.32398986041666666 0.52738858125 0.1920329875 0.5164309859375 0.17367255 0.6670459281250001
32 0.3173047145833333 0.6789730281249999 0.44592239166666664 0.68807840625 0.46835447708333333 0.541055809375 0.3394929083333333 0.5292360359375 0.3173047145833333 0.6789730281249999
4 0.45940856458333335 0.6879732328125 0.58522738125 0.7002057875000001 0.6077890833333334 0.55207474375 0.48169877499999997 0.5421639078125 0.45940856458333335 0.6879732328125
30 0.5973189 0.7008251890625 0.7218265666666667 0.7098700609375 0.7470940708333333 0.5642021234375 0.6233569979166667 0.553367490625 0.5973189 0.7008251890625
12 0.1918787 0.5033502703125 0.32684283541666664 0.5157948890624999 0.34654012291666664 0.3601496484375 0.20849514375 0.3436490765625 0.1918787 0.5033502703125
6 0.33981993125 0.5184356671875 0.46830657708333334 0.528661625 0.49238758125 0.3739400125 0.36062583958333333 0.36131931562499997 0.33981993125 0.5184356671875
19 0.48421754375 0.5318263234375 0.6088999229166667 0.5425752953125 0.63919935625 0.3922877796875 0.5120792750000001 0.3783737109375 0.48421754375 0.5318263234375
11 0.6229730750000001 0.54544870625 0.7460461041666666 0.55396380625 0.7770215 0.404292028125 0.649642775 0.3925953890625 0.6229730750000001 0.54544870625
31 0.2098882 0.33333806718750003 0.34952277291666667 0.347447025 0.3698689104166667 0.186258634375 0.23237027916666667 0.1714822453125 0.2098882 0.33333806718750003
26 0.36137440416666666 0.35011783125 0.49269218958333333 0.36493322031250003 0.51680965625 0.203497903125 0.38469540208333336 0.1874898140625 0.36137440416666666 0.35011783125
41 0.5088070395833334 0.3679506890625 0.6369278333333334 0.37970895 0.6645572791666667 0.22024456875 0.5331189895833334 0.20485221718750002 0.5088070395833334 0.3679506890625
10 0.6560874625 0.3822907734375 0.7812924520833333 0.393376178125 0.8059198041666666 0.2403787484375 0.67831824375 0.224185784375 0.6560874625 0.3822907734375