57 0 0.7195316484375 0.7990936708333333 0.660563984375 0.7602155166666668 0.282083809375 0 0.335462865625 0 0.7195316484375
13 0.0120823625 0.34443276875 0.01907578125 0.4279294375 0.1969891625 0.41507295781250003 0.18476683958333334 0.33411739687500003 0.0120823625 0.34443276875
39 0.017008558333333333 0.43601521249999997 0.025952845833333335 0.520136925 0.20860953125 0.5082549125 0.19626592083333336 0.42600219062500005 0.017008558333333333 0.43601521249999997
9 0.027094202083333335 0.5283252187499999 0.035557081250000004 0.6104136703124999 0.2135911 0.59885439375 0.20467406041666666 0.515927234375 0.027094202083333335 0.5283252187499999
22 0.03428970208333334 0.62083700625 0.04552513125 0.7045814 0.22058945 0.6923590421875 0.21443996666666668 0.6079330359374999 0.03428970208333334 0.62083700625
40 0.20001099583333334 0.33185615625 0.2080457125 0.41430102968750004 0.3851261625 0.4049838796875 0.3774456479166667 0.3228408078125 0.20001099583333334 0.33185615625
34 0.21086974375 0.42465656718749994 0.21834798541666667 0.5053994562499999 0.39299646458333337 0.4949464734375 0.38498036666666663 0.4154380796875 0.21086974375 0.42465656718749994
5 0.2178631 0.5150064234375 0.22773783125 0.5996070640625 0.40305692291666667 0.583885740625 0.39450374791666665 0.504850053125 0.2178631 0.5150064234375
2 0.22799926875 0.607856790625 0.23552803333333333 0.6891400421875 0.40877836666666667 0.6761744015625 0.40275017083333337 0.593045553125 0.22799926875 0.607856790625
28 0.3887632541666666 0.320310309375 0.39833161666666667 0.401886371875 0.5689355916666667 0.3917157609375 0.5618325833333333 0.30953236875 0.3887632541666666 0.320310309375
15 0.39884889791666667 0.412620315625 0.4064041291666667 0.4944456078125 0.5784987479166667 0.48156016562500004 0.5708990916666666 0.4002818625 0.39884889791666667 0.412620315625
46 0.40743894583333334 0.504490853125 0.41543085625000004 0.584762671875 0.5886407145833333 0.5713641609375 0.5771582645833334 0.49209777343749994 0.40743894583333334 0.504490853125
48 0.4149527375 0.592628821875 0.42280456875 0.6760650703125 0.5937839520833333 0.6636926984375 0.586722025 0.581941646875 0.4149527375 0.592628821875
4 0.5737000437499999 0.306854803125 0.5822220125 0.389918225 0.7568300645833334 0.37903285625 0.74799388125 0.29697046875 0.5737000437499999 0.306854803125
30 0.5814664604166667 0.397694575 0.5900930270833334 0.48031548593749995 0.7641229645833333 0.46947096874999994 0.7571014666666667 0.3881523046875 0.5814664604166667 0.397694575
42 0.59072851875 0.48897430625 0.6013495791666668 0.5696064546875 0.77079793125 0.559517015625 0.7642730833333334 0.477293259375 0.59072851875 0.48897430625
21 0.5977724458333333 0.579865009375 0.6081458333333334 0.660949659375 0.780979675 0.649753440625 0.7722647375 0.568987725 0.5977724458333333 0.579865009375