56 0.06818533958333334 0.2636289953125 0.06121446875 0.6525508656250001 0.9330887458333332 0.667540671875 0.9093631999999999 0.25338688125000003 0.06818533958333334 0.2636289953125
52 0.1292758625 0.273044303125 0.1267061625 0.35720808125 0.30612103749999997 0.356429253125 0.3038627208333333 0.27428892656250004 0.1292758625 0.273044303125
40 0.1244064125 0.366863803125 0.12422898958333332 0.45173215312500004 0.3067343125 0.45259761875000004 0.30351172708333335 0.3670818828125 0.1244064125 0.366863803125
34 0.12128064166666667 0.46100789531249997 0.12276283125 0.5466178359375 0.3015325145833333 0.5479440265625 0.3013141791666667 0.46138998750000004 0.12128064166666667 0.46100789531249997
5 0.12186385416666666 0.5559471859375 0.12427492083333333 0.6415809375 0.30223518541666666 0.6456781859375 0.30208187291666666 0.55633361875 0.12186385416666666 0.5559471859375
48 0.3148316583333333 0.27203524843750004 0.31866298125000003 0.356310771875 0.49599523958333336 0.35536558125 0.4956995375 0.2721597015625 0.3148316583333333 0.27203524843750004
32 0.31636195624999996 0.3663011359375 0.3171838270833333 0.45175407187500005 0.5004342 0.45263902656250005 0.494220375 0.3676034890625 0.31636195624999996 0.3663011359375
4 0.31694516875 0.4612404296875 0.31647572291666665 0.5461011390625 0.4981976354166667 0.5486214484375 0.4987106916666667 0.46264498749999994 0.31694516875 0.4612404296875
30 0.31656440208333336 0.5575503734375 0.31490553958333334 0.645451178125 0.49810325 0.64856805 0.50018376875 0.55928240625 0.31656440208333336 0.5575503734375
12 0.5077349270833333 0.2707996828125 0.50876793125 0.35514125 0.6935844604166667 0.35271698906250004 0.6933667770833334 0.266162965625 0.5077349270833333 0.2707996828125
6 0.5092333645833333 0.36646060625 0.5110244041666667 0.4501243125 0.6965339770833334 0.4499514734375 0.6948008375000001 0.3644747015625 0.5092333645833333 0.36646060625
19 0.5107474 0.46142424843749996 0.5124324583333333 0.5495522578125 0.7001108604166667 0.5522278921875 0.6955035083333333 0.46220885625 0.5107474 0.46142424843749996
11 0.5112818604166667 0.558455825 0.5138405229166667 0.648979715625 0.70150590625 0.65221394375 0.6999158104166666 0.5605984984375 0.5112818604166667 0.558455825
31 0.7063395041666667 0.2648274671875 0.7100791333333334 0.3525900203125 0.89784854375 0.35135989375 0.8946526229166667 0.2647279640625 0.7063395041666667 0.2648274671875
26 0.7078210354166666 0.3611861265625 0.7115138479166667 0.4509017734375 0.9067155229166667 0.4504245078125 0.900579725 0.362040340625 0.7078210354166666 0.3611861265625
41 0.7110842500000001 0.46108082499999997 0.71215150625 0.55142596875 0.9088289708333334 0.55154575625 0.9057234166666667 0.46100755937500004 0.7110842500000001 0.46108082499999997
10 0.71248450625 0.560927278125 0.71648695625 0.6509304921875 0.9152812354166666 0.656130684375 0.9107519041666666 0.5627635062499999 0.71248450625 0.560927278125