14 0.23217541041666667 0.7679524265625 0.33742443125 0.7662817546875 0.33376027291666666 0.6408048734375 0.2303924375 0.6433806546875 0.23217541041666667 0.7679524265625
13 0.3530483125 0.7661995984375001 0.4556448979166667 0.7624604484375 0.45054526250000004 0.63922788125 0.35012691875 0.6406620265625 0.3530483125 0.7661995984375001
39 0.4683419854166667 0.7644954640625 0.5709158791666666 0.759781265625 0.5658032562499999 0.635990621875 0.46394877500000004 0.6396685984375 0.4683419854166667 0.7644954640625
9 0.5854467125 0.7606829187499999 0.6884319083333333 0.7576397 0.68329268125 0.632733884375 0.5799897354166668 0.6380980984375 0.5854467125 0.7606829187499999
2 0.22902644375 0.63263556875 0.33425683125 0.6301641546875001 0.32915718125000004 0.5069310984375 0.22655867500000001 0.51061556875 0.22902644375 0.63263556875
16 0.3461798625 0.6309152 0.4495667395833333 0.6291577375 0.4458896041666666 0.50312326875 0.3440228 0.5062436499999999 0.3461798625 0.6309152
28 0.46148976875 0.629908784375 0.5663517145833333 0.6275802546875 0.5612124916666666 0.5026744390625 0.45783167916666667 0.5046926328125 0.46148976875 0.629908784375
15 0.5804704666666667 0.6267772390624999 0.6838411541666667 0.6243240078125 0.6787538291666666 0.501648546875 0.5768610729166667 0.5036537531249999 0.5804704666666667 0.6267772390624999
42 0.22316870208333334 0.500830675 0.328177775 0.49682287187499996 0.3215634729166667 0.37248763125 0.21888775 0.3728260765625 0.22316870208333334 0.500830675
21 0.3421493958333333 0.49769912656250004 0.44347470833333336 0.495258865625 0.4390795125 0.37034655625 0.3334666041666667 0.3723837421875 0.3421493958333333 0.49769912656250004
45 0.4574593041666667 0.4966927109375 0.56326110625 0.49477108125 0.5580829416666667 0.3681920109375 0.45023861875000004 0.3702491609375 0.4574593041666667 0.4966927109375
33 0.5764562375000001 0.4942588828125 0.678531425 0.49209141718750005 0.67558534375 0.3654928625 0.5722304833333334 0.3686262328125 0.5764562375000001 0.4942588828125
51 0.21532135208333333 0.363461728125 0.3220600291666667 0.3618469109375 0.3131104666666667 0.233069459375 0.21123067291666667 0.235631765625 0.21532135208333333 0.363461728125
27 0.33528094375 0.3624147296875 0.44108942500000003 0.36080803281249996 0.4328968645833333 0.2325816765625 0.32873308749999997 0.23293310625000002 0.33528094375 0.3624147296875
7 0.4533483291666667 0.35998901562499996 0.5578484479166667 0.358115371875 0.55191393125 0.23098520156250002 0.4455180729166666 0.2313561140625 0.4533483291666667 0.35998901562499996
53 0.5714475270833332 0.3589582546875 0.6761078520833333 0.355967321875 0.6746108979166666 0.2276830125 0.5682539666666667 0.22972669375 0.5714475270833332 0.3589582546875
54 0.22338818333333332 0.8140180609375 0.7025702583333333 0.8024435546875001 0.68784699375 0.214522534375 0.19431755208333332 0.2250775578125 0.22338818333333332 0.8140180609375