55 0.23871549375 0.645537109375 0.6623261708333333 0.654646484375 0.6944446604166666 0.134748534375 0.2517363270833333 0.121419434375 0.23871549375 0.645537109375
20 0.26128450625 0.275947265625 0.35329882916666666 0.2798515625 0.3585071625 0.164680175 0.2647571604166667 0.1629233390625 0.26128450625 0.275947265625
0 0.3675130208333333 0.2801840828125 0.4593098958333333 0.28506396562499997 0.4658203125 0.16745263593749998 0.37109375 0.16552734375 0.3675130208333333 0.2801840828125
42 0.4716796875 0.28506396562499997 0.5673828125 0.2879921875 0.5725911458333334 0.171356934375 0.4781901041666667 0.1684287109375 0.4716796875 0.28506396562499997
21 0.5771484375 0.28652832031250003 0.6728515625 0.291896484375 0.6793619791666666 0.17330908125 0.58349609375 0.17041015625 0.5771484375 0.28652832031250003
37 0.2574869791666667 0.4012451171875 0.3512369791666667 0.40368505781249997 0.3557942708333333 0.288513671875 0.2604166666666667 0.28515625 0.2574869791666667 0.4012451171875
24 0.3636067708333333 0.40417285156249994 0.4547526041666667 0.40710107500000003 0.4619140625 0.2929057625 0.3662109375 0.2894287109375 0.3636067708333333 0.40417285156249994
51 0.4664713541666667 0.406125 0.5576171875 0.4085654296875 0.5667317708333334 0.295345703125 0.47119140625 0.2930908203125 0.4664713541666667 0.406125
27 0.5699869791666666 0.41100537031249995 0.6624348958333334 0.41393359375000005 0.6708984375 0.298273925 0.5784505208333334 0.295833984375 0.5699869791666666 0.41100537031249995
39 0.2542317708333333 0.5193779296875001 0.3473307291666667 0.520841796875 0.3512369791666667 0.41250244062499997 0.2571614583333333 0.408447265625 0.2542317708333333 0.5193779296875001
9 0.3583984375 0.5237700203125 0.4521484375 0.52572216875 0.4560546875 0.4154306640625 0.3621419270833333 0.412109375 0.3583984375 0.5237700203125
17 0.4612630208333333 0.5247460937499999 0.5537109375 0.5266982421875 0.5589192708333334 0.4183588859375 0.4654947916666667 0.415771484375 0.4612630208333333 0.5247460937499999
1 0.5628255208333334 0.5266982421875 0.6539713541666666 0.5296259765625 0.6604817708333334 0.4217749015625 0.5704752604166666 0.418212890625 0.5628255208333334 0.5266982421875
28 0.2522786458333333 0.636501465625 0.3421223958333333 0.6394291984375 0.3492838541666667 0.5306020499999999 0.2522786458333333 0.528076171875 0.2522786458333333 0.636501465625
15 0.3557942708333333 0.6379653328125 0.4443359375 0.641869628125 0.4521484375 0.5335302734375 0.35888671875 0.530517578125 0.3557942708333333 0.6379653328125
25 0.4573567708333333 0.641381346875 0.5472005208333334 0.642845703125 0.5537109375 0.5359702140625 0.4597981770833333 0.5323486328125 0.4573567708333333 0.641381346875
38 0.5589192708333334 0.6443095703124999 0.6487630208333334 0.64626171875 0.6546223958333334 0.5379223625 0.5631510416666666 0.5347900390625 0.5589192708333334 0.6443095703124999