45 0.7252853 0.6896996984375 0.7352936020833333 0.8185104125 0.8398213458333333 0.8159646593750001 0.8287929958333333 0.6885560500000001 0.7252853 0.6896996984375
33 0.6177864562500001 0.8210609359375001 0.7255323375 0.8190669828124999 0.7133156875 0.6902472078125 0.6085413520833334 0.6915899734375001 0.6177864562500001 0.8210609359375001
43 0.4993855770833333 0.8227971484375001 0.6063655499999999 0.8211674468749999 0.5969027041666667 0.6915381640625 0.4912565020833333 0.6929837921875001 0.4993855770833333 0.8227971484375001
12 0.3814140645833334 0.8247464984375 0.48765365625 0.8229102796875001 0.48060085208333336 0.69433461875 0.3756548458333333 0.6957531312499999 0.3814140645833334 0.8247464984375
7 0.7238694999999999 0.6796591421875 0.8284031416666667 0.67934379375 0.8169485104166667 0.5539230500000001 0.7128394729166666 0.5556781484375 0.7238694999999999 0.6796591421875
53 0.6076818083333334 0.682305615625 0.7134441166666666 0.6809337109375 0.7006389458333333 0.5558124671875 0.5988796229166666 0.55768920625 0.6076818083333334 0.682305615625
18 0.4918173833333333 0.6838238109375 0.59663345 0.6830136125 0.5861788208333334 0.55762615 0.4866039833333333 0.5589714109374999 0.4918173833333333 0.6838238109375
31 0.37596626875 0.68590755 0.4801939125 0.683538375 0.47385833541666667 0.5598896109375 0.3724958104166667 0.5610282140625 0.37596626875 0.68590755
20 0.70304581875 0.4250288765625 0.7122736520833333 0.5466872453125 0.8155201041666668 0.5446329078125001 0.8154537458333333 0.54344550625 0.8039797583333333 0.4239736359375 0.70304581875 0.4250288765625
0 0.5974169 0.5469905921875 0.7010162 0.5456321890625 0.6908087729166666 0.4268687953125 0.5908803791666667 0.4277267078125 0.5974169 0.5469905921875
50 0.4854798708333333 0.549698153125 0.5866103791666667 0.54875208125 0.5783399291666667 0.4284218375 0.47828545833333336 0.42816662812499995 0.4854798708333333 0.549698153125
35 0.37009584791666666 0.5527073921875 0.47358570208333334 0.5511526015625 0.46612751458333335 0.4305583265625 0.3641717104166667 0.4310548734375 0.37009584791666666 0.5527073921875
37 0.70318963125 0.41695500625 0.8057115770833333 0.414965121875 0.7945101416666667 0.2976260171875 0.6938908458333334 0.2995079515625 0.70318963125 0.41695500625
24 0.5893082479166666 0.41958819218750004 0.6921826479166667 0.41666321249999994 0.6816829270833333 0.29924568906250004 0.5827378354166667 0.301722634375 0.5893082479166666 0.41958819218750004
23 0.47928211041666663 0.4218052515625 0.5792073291666667 0.42012379062500005 0.570048 0.3019090953125 0.47100160416666664 0.302210259375 0.47928211041666663 0.4218052515625
47 0.36332004166666665 0.422764990625 0.4661826520833333 0.42252430937499996 0.45999817708333335 0.3040091265625 0.36038734375000003 0.3032664515625 0.36332004166666665 0.422764990625
60 0.37018001666666667 0.870551090625 0.8562315166666666 0.859582446875 0.8033243604166667 0.286689215625 0.34634858333333335 0.291869153125 0.37018001666666667 0.870551090625