35 0.21961783958333334 0.7172104484374999 0.6814238270833334 0.7256694343750001 0.6935761729166666 0.15553466875 0.22569466041666666 0.1555991203125 0.21961783958333334 0.7172104484374999
35 0.23770247291666668 0.32072460937499997 0.33839713541666666 0.321158690625 0.33839713541666666 0.198395996875 0.23654492291666665 0.1975913078125 0.23770247291666668 0.32072460937499997
36 0.34823502708333337 0.3215922859375 0.45066536458333334 0.32245996093749996 0.4518229166666667 0.199263671875 0.35011588541666666 0.19921875 0.34823502708333337 0.3215922859375
8 0.4622395833333333 0.32245996093749996 0.5640911458333334 0.3233276375 0.5669850249999999 0.199263671875 0.4622395833333333 0.1975913078125 0.4622395833333333 0.32245996093749996
29 0.5739296875 0.3241953125 0.6752024750000001 0.3233276375 0.67925325625 0.20013085937500003 0.5779804687500001 0.19921875 0.5739296875 0.3241953125
38 0.23828125 0.450023925 0.3378183604166667 0.44915673749999996 0.3389759125 0.32812890625 0.23654492291666665 0.327799315625 0.23828125 0.450023925
37 0.34823502708333337 0.450023925 0.4495078125 0.4508916015625 0.4512441395833333 0.3302978515625 0.3486692708333334 0.328884765625 0.34823502708333337 0.450023925
24 0.45761002708333337 0.450517090625 0.5611979166666666 0.4535537109375 0.5617766916666667 0.330791015625 0.46151627708333337 0.3299697265625 0.45761002708333337 0.450517090625
23 0.5739296875 0.4531201171875 0.67230924375 0.45572265625 0.6752024750000001 0.331658690625 0.5743632812499999 0.3310546875 0.5739296875 0.4531201171875
44 0.23423046875 0.5767504875 0.3372395833333333 0.5784853515624999 0.3401328125 0.460494140625 0.2379921875 0.45746533125 0.23423046875 0.5767504875
3 0.3488138020833333 0.577677246875 0.4466145833333333 0.5820151375 0.45066536458333334 0.4596860359375 0.35011588541666666 0.4580078125 0.3488138020833333 0.577677246875
49 0.4581888020833333 0.578978515625 0.5588828125 0.5815810546875 0.5623554687500001 0.46098730468750004 0.4593463541666667 0.4580078125 0.4581888020833333 0.578978515625
14 0.5704570312499999 0.5802797859375 0.6711516916666667 0.5820151375 0.6694153645833333 0.46185498125 0.5729166666666666 0.46017773437500004 0.5704570312499999 0.5802797859375
0 0.23423046875 0.706138671875 0.3331888020833333 0.7057045890625 0.3343463541666667 0.587713378125 0.23654492291666665 0.5860458984375 0.23423046875 0.706138671875
2 0.34591992083333334 0.706138671875 0.44545703125 0.7083076171875 0.4466145833333333 0.586412109375 0.3457753895833333 0.5860458984375 0.34591992083333334 0.706138671875
42 0.4558736979166667 0.7052709968750001 0.5583046875 0.7091748046874999 0.5565683583333333 0.587279784375 0.4593463541666667 0.5882163078125 0.4558736979166667 0.7052709968750001
21 0.5681425791666667 0.707873534375 0.67230924375 0.7104765625 0.6682578125 0.5885810546875 0.5710358083333333 0.5881474609375 0.5681425791666667 0.707873534375