55 0.3372515 0.8613543953124999 0.7804725729166667 0.87854615625 0.7812957708333333 0.3545687171875 0.35727933749999996 0.34176312656249996 0.3372515 0.8613543953124999
20 0.6726456416666667 0.834355865625 0.76647940625 0.8369307312500001 0.7673219916666666 0.723942846875 0.6751746958333332 0.719235775 0.6726456416666667 0.834355865625
0 0.5652188770833334 0.8306470656249999 0.6600335729166668 0.8333989015625001 0.6609462666666667 0.71877923125 0.5689938020833334 0.713098521875 0.5652188770833334 0.8306470656249999
42 0.45830832708333336 0.8258112203125 0.55282070625 0.8295630953125 0.55661835625 0.7129905765625 0.4608032979166667 0.7092273390625 0.45830832708333336 0.8258112203125
21 0.35144322916666665 0.822927428125 0.4474204375 0.8266627874999999 0.4510672958333333 0.7106059109375 0.35519542708333335 0.7044028578125 0.35144322916666665 0.822927428125
37 0.6724764270833333 0.7105523296875 0.76797580625 0.714741903125 0.7682038124999999 0.598684496875 0.67435414375 0.5954265609375 0.6724764270833333 0.7105523296875
24 0.5662058562500001 0.705234396875 0.6620336916666666 0.709546434375 0.6619673395833333 0.5948308453125 0.5707116583333334 0.591107378125 0.5662058562500001 0.705234396875
51 0.46128341875 0.7018798796875 0.5569199625 0.704968390625 0.5590102770833333 0.5919811390625 0.46776595416666666 0.5887454390625 0.46128341875 0.7018798796875
27 0.3570009520833333 0.6980427859375 0.44954794375 0.7012893578125 0.45533369583333333 0.5861976765625 0.3627753354166667 0.5824628453125 0.3570009520833333 0.6980427859375
39 0.6741488395833334 0.5866096265625 0.7683617875 0.5914855546875 0.7687098958333334 0.4805860875 0.67553429375 0.47830985937500003 0.6741488395833334 0.5866096265625
9 0.5692150333333333 0.5827668484374999 0.6632480583333333 0.5869075078125 0.6643933458333334 0.47528519999999996 0.5705550354166667 0.47251503125000005 0.5692150333333333 0.5827668484374999
17 0.46623524375 0.57894111875 0.5597626770833333 0.5823436656250001 0.5614590125 0.47341151875 0.46892337916666665 0.4706527140625 0.46623524375 0.57894111875
1 0.36454677708333333 0.57463898125 0.4546773708333333 0.5789862625 0.45980462916666665 0.4705731734375 0.36854895833333334 0.46685019531250005 0.36454677708333333 0.57463898125
28 0.67335301875 0.46853305624999997 0.7704613854166666 0.47190533125 0.7679368041666667 0.36348554375000003 0.6779838125000001 0.359773928125 0.67335301875 0.46853305624999997
15 0.5703732291666667 0.4647073234375 0.66374773125 0.468533725 0.6643397729166666 0.36111841093749997 0.5756667208333333 0.3564416453125 0.5703732291666667 0.4647073234375
25 0.46870748749999996 0.4613812109375 0.56274750625 0.46582214843749997 0.5626513041666666 0.356816275 0.4727323854166666 0.3545679640625 0.46870748749999996 0.4613812109375
38 0.36770444583333334 0.45854855 0.4592905479166667 0.462478946875 0.4609741958333334 0.35300190625 0.3710439208333333 0.3502658265625 0.36770444583333334 0.45854855