6 0.33277255 0.6652701890625 0.25034304583333333 0.6574330875000001 0.23676566666666668 0.7546926593750001 0.31802399375 0.7626376968749999 0.33277255 0.6652701890625
19 0.42392887083333336 0.6742414140624999 0.3417458791666667 0.6673024578125 0.32735819791666665 0.76381086875 0.40958879791666664 0.7721375140625 0.42392887083333336 0.6742414140624999
11 0.5132748687500001 0.683397140625 0.43242616875 0.675195346875 0.41877526249999997 0.773340484375 0.5000093041666667 0.7811073328125 0.5132748687500001 0.683397140625
50 0.6031217854166666 0.6937009640625 0.5225578520833333 0.68509975625 0.5085875604166666 0.7817233234375001 0.5889076104166667 0.7890849765625 0.6031217854166666 0.6937009640625
26 0.3478931333333334 0.56191810625 0.26474412708333334 0.5542584609375 0.25076023541666664 0.651395134375 0.33302707291666667 0.659424009375 0.3478931333333334 0.56191810625
41 0.43810907083333334 0.5723007984375 0.35718706250000004 0.564314990625 0.3425078791666667 0.6595815093749999 0.4253300166666667 0.66872468125 0.43810907083333334 0.5723007984375
10 0.52738766875 0.583141915625 0.4464327 0.573079178125 0.4329290208333333 0.6699961484375 0.5152561916666667 0.6767787796875 0.52738766875 0.583141915625
25 0.6173377020833333 0.5919067984375 0.5367545229166667 0.5827926171875 0.5218744229166666 0.6782917312500001 0.6044134791666667 0.68663420625 0.6173377020833333 0.5919067984375
36 0.2774653125 0.4503943875 0.26589975 0.5474308796875 0.34945419375 0.555987921875 0.3611718729166667 0.4592849015625 0.2774653125 0.4503943875
8 0.45244558749999997 0.47047851874999996 0.3716242708333333 0.4613084578125 0.357485525 0.5566485171875 0.4396667895833334 0.5651935625 0.45244558749999997 0.47047851874999996
29 0.5433576 0.48013795937500003 0.46182506874999996 0.47088502343750005 0.4479926833333333 0.566414971875 0.5306592583333333 0.5749740109375 0.5433576 0.48013795937500003
47 0.5383588854166667 0.5761304234375 0.53945275625 0.5756205 0.6205350374999999 0.584298425 0.6345023666666666 0.48870645625 0.553395175 0.4805031921875 0.5383588854166667 0.5761304234375
44 0.37640938749999997 0.35421559999999996 0.29196924375 0.345227684375 0.27857509583333334 0.4429519375 0.3618211458333333 0.452067084375 0.37640938749999997 0.35421559999999996
3 0.46755275625 0.36509516875000003 0.38510933124999996 0.354983253125 0.37207273125 0.45334780625000004 0.4532480729166667 0.4618043703125 0.46755275625 0.36509516875000003
49 0.558758725 0.374404721875 0.47673655833333334 0.3669267296875 0.4647901395833333 0.4630083046875 0.54523985 0.47134716093750006 0.558758725 0.374404721875
18 0.6495549916666667 0.38275454062500003 0.5681666770833333 0.375917659375 0.5543013125 0.47366026406249995 0.6354625083333333 0.482030475 0.6495549916666667 0.38275454062500003
61 0.6626976208333333 0.3781412484375 0.2831591291666667 0.3368152609375 0.22288511041666667 0.786466971875 0.5962407520833334 0.8246022 0.6626976208333333 0.3781412484375