57 0.2894384291666666 0.8720661625 0.83871675625 0.8239453953125 0.7839970479166667 0.1538926296875 0.20348631041666668 0.194417221875 0.2894384291666666 0.8720661625
13 0.7039554020833333 0.7863198046875 0.8211986583333334 0.7764305015625 0.8086064041666667 0.6369066265625001 0.6905785625 0.6430656515625001 0.7039554020833333 0.7863198046875
39 0.5681631145833334 0.79836814375 0.6904326708333334 0.7885961328125 0.6760366999999999 0.6461044031250001 0.5553501375 0.651808575 0.5681631145833334 0.79836814375
9 0.4349696958333333 0.810223371875 0.5554111625 0.801894465625 0.5436485895833333 0.657246890625 0.41967889583333334 0.6651532265625 0.4349696958333333 0.810223371875
22 0.30338689583333334 0.820653121875 0.41885324375 0.8104085046874999 0.40594299375 0.6674791921875001 0.2830214020833333 0.6772658546875 0.30338689583333334 0.820653121875
40 0.6896706354166666 0.633342565625 0.8092836708333333 0.625478809375 0.7941400395833333 0.4819846734375 0.67381666875 0.4915782734375 0.6896706354166666 0.633342565625
34 0.5554291145833333 0.643317465625 0.6751178729166667 0.636264575 0.6590932104166666 0.49267230937499995 0.5394541 0.5002568609375 0.5554291145833333 0.643317465625
5 0.41889201666666664 0.6567264546875 0.5400213958333333 0.646420553125 0.5247911416666666 0.5019988093750001 0.40416512916666664 0.5083513828124999 0.41889201666666664 0.6567264546875
2 0.2838451895833333 0.6674140921875 0.40678687291666665 0.65783556875 0.39141613124999997 0.5119093218749999 0.26923934791666665 0.520335334375 0.2838451895833333 0.6674140921875
28 0.6753170999999999 0.47962888281250005 0.7959824083333333 0.4713646515625 0.7813372708333334 0.3261975515625 0.6616981604166666 0.3337821015625 0.6753170999999999 0.47962888281250005
15 0.5410755770833333 0.48960378125000004 0.65950025 0.480690040625 0.6462903979166666 0.3368847015625 0.5265907875 0.3438213375 0.5410755770833333 0.48960378125000004
46 0.40522339583333333 0.5010036718750001 0.5242522458333333 0.491555728125 0.5078393895833334 0.34847819062499996 0.3890667395833333 0.355997865625 0.40522339583333333 0.5010036718750001
48 0.26671183958333333 0.5119487578124999 0.39023783125 0.5039627375 0.3726109208333333 0.35722062499999996 0.25210595208333336 0.3648695140625 0.26671183958333333 0.5119487578124999
4 0.6606691416666667 0.32276221562499996 0.7846196979166666 0.314657953125 0.7717042041666667 0.1670005296875 0.6468081083333334 0.1743228046875 0.6606691416666667 0.32276221562499996
30 0.5240109979166667 0.3348748890625 0.6471310541666667 0.3248741296875 0.6347433729166667 0.1758716921875 0.50892091875 0.1826103890625 0.5240109979166667 0.3348748890625
42 0.3862449020833333 0.34445927656249997 0.5119581145833333 0.336550734375 0.4953659604166667 0.186881115625 0.36984615 0.196860840625 0.3862449020833333 0.34445927656249997
21 0.24761290208333334 0.3541075125 0.3733109479166667 0.3460365078125 0.35419629166666666 0.197370815625 0.23121415208333335 0.20650907968749999 0.24761290208333334 0.3541075125