57 0.19835091041666666 0.8074492187500001 0.7799479166666666 0.8100517578125 0.75737825625 0.1281328125 0.20616341041666666 0.1354165046875 0.19835091041666666 0.8074492187500001
13 0.21875 0.3241069328125 0.3368053375 0.32670996093750004 0.3368053375 0.182908203125 0.21918424375 0.18408203125 0.21875 0.3241069328125
39 0.3515625 0.3247578125 0.47222200416666665 0.32801123125 0.47309049583333335 0.1809560546875 0.3504772125 0.181640625 0.3515625 0.3247578125
9 0.484375 0.32345654218750003 0.6085071625 0.3247578125 0.6067708333333334 0.17900390625 0.48611132916666666 0.1783852546875 0.484375 0.32345654218750003
22 0.6223958333333334 0.32345654218750003 0.74565950625 0.3228056640625 0.73871549375 0.178353515625 0.6228300791666667 0.1800131828125 0.6223958333333334 0.32345654218750003
40 0.21875 0.47962109374999995 0.33940950416666665 0.478970215625 0.3368053375 0.3364702140625 0.21701367291666665 0.33544921875 0.21875 0.47962109374999995
34 0.3541666666666667 0.478970215625 0.4739583333333333 0.48027148437499995 0.4713541666666667 0.3364702140625 0.3515625 0.334635253125 0.3541666666666667 0.478970215625
5 0.48871549583333335 0.47962109374999995 0.609375 0.4822236328125 0.6085071625 0.333216796875 0.4869791666666667 0.334518065625 0.48871549583333335 0.47962109374999995
2 0.6223958333333334 0.47962109374999995 0.7447916666666666 0.48027148437499995 0.7439238270833334 0.33256591874999997 0.6206595041666667 0.3330078125 0.6223958333333334 0.47962109374999995
28 0.21701367291666665 0.6358745109374999 0.3368053375 0.6371757812500001 0.3368053375 0.490771484375 0.21592903541666666 0.490071778125 0.21701367291666665 0.6358745109374999
15 0.3524303375 0.635224121875 0.47222200416666665 0.6371757812500001 0.4713541666666667 0.490771484375 0.3526477875 0.490885253125 0.3524303375 0.635224121875
46 0.4913196625 0.6339223625 0.6102428375 0.635224121875 0.6076386708333333 0.4894702140625 0.48828125 0.490071778125 0.4913196625 0.6339223625
48 0.6267363291666667 0.635224121875 0.7473958333333334 0.636525390625 0.74652799375 0.48881933593750004 0.6228300791666667 0.487630371875 0.6267363291666667 0.635224121875
4 0.21180533958333334 0.79529248125 0.3368053375 0.797244628125 0.3368053375 0.6482377921875 0.21267382708333335 0.6471352546875 0.21180533958333334 0.79529248125
30 0.3489583333333333 0.7965942375 0.47482617083333334 0.799196778125 0.4739583333333333 0.6462856453125 0.3504772125 0.6471352546875 0.3489583333333333 0.7965942375
42 0.48871549583333335 0.795943359375 0.6145833333333334 0.79529248125 0.6119791666666666 0.646936034375 0.48611132916666666 0.6455078125 0.48871549583333335 0.795943359375
21 0.6302083333333334 0.795943359375 0.75347200625 0.795943359375 0.7508678395833334 0.6475869140625 0.625 0.6463217765625 0.6302083333333334 0.795943359375