6 0.22664062499999998 0.28811376875 0.3282832041666667 0.288354003125 0.3267799479166667 0.16626122968749998 0.22502929583333334 0.1662099609375 0.22664062499999998 0.28811376875
19 0.34011393125 0.2883154296875 0.4409694 0.2880673828125 0.439485025 0.16672265625 0.3386113270833333 0.1665302734375 0.34011393125 0.2883154296875
11 0.5020833333333333 0.228125 0.1 0.121875
50 0.6145833333333334 0.228125 0.1 0.121875
26 0.28125 0.3578125 0.10416666666666667 0.1203125
41 0.39166666666666666 0.3578125 0.1 0.1203125
10 0.5020833333333333 0.3578125 0.1 0.11875
25 0.6125 0.35625 0.09791666666666667 0.11875
36 0.28125 0.484375 0.1 0.1171875
8 0.39375 0.484375 0.1 0.1171875
29 0.5041666666666667 0.484375 0.1 0.115625
47 0.6145833333333334 0.484375 0.09791666666666667 0.115625
44 0.2833333333333333 0.6109375 0.10416666666666667 0.1140625
3 0.39375 0.609375 0.09791666666666667 0.1140625
49 0.5041666666666667 0.6078125 0.09791666666666667 0.1140625
18 0.6145833333333334 0.6078125 0.09791666666666667 0.1140625
61 0.22397591041666667 0.6792607421875 0.6749869791666666 0.6762109374999999 0.6777604166666666 0.126919921875 0.21342708333333332 0.1263139640625 0.22397591041666667 0.6792607421875