57 0.1105174125 0.8987863703125001 0.6789947104166667 0.9434885109375 0.7615717583333333 0.1784507859375 0.10756846666666667 0.182674175 0.1105174125 0.8987863703125001
13 0.11818396874999999 0.8508401343750001 0.23782134791666668 0.8582063812499999 0.24365348958333335 0.71430959375 0.12131594583333333 0.7089165687500001 0.11818396874999999 0.8508401343750001
39 0.2524940875 0.860518503125 0.37803810000000004 0.871730759375 0.3857891875 0.7239573203125 0.25820901458333334 0.7191245671875001 0.2524940875 0.860518503125
9 0.39099568958333336 0.873529375 0.52278060625 0.8814239828125 0.5323299583333333 0.7323793625 0.4013654416666667 0.7255327140625 0.39099568958333336 0.873529375
22 0.5362401708333333 0.8817689046874999 0.6718662416666666 0.89119349375 0.6868098229166667 0.7383333640624999 0.5506033520833333 0.7320465140625 0.5362401708333333 0.8817689046874999
40 0.117559825 0.70088404375 0.24048137708333334 0.7077384671875 0.24868998541666668 0.5501548734374999 0.11841269583333333 0.5472298765625 0.117559825 0.70088404375
34 0.25535515625 0.7057337265625 0.38630875625 0.7128006984375 0.39349451874999997 0.55850211875 0.26339917916666666 0.5516701515625 0.25535515625 0.7057337265625
5 0.4006375645833333 0.7131588359375 0.5320713375 0.7192543328125 0.5463283479166667 0.5624725671874999 0.41009154583333335 0.5568369578125 0.4006375645833333 0.7131588359375
2 0.5501500166666666 0.723102528125 0.6880159895833333 0.731097890625 0.7033234041666667 0.5704252921874999 0.56361195 0.564729040625 0.5501500166666666 0.723102528125
28 0.11645693333333333 0.537881221875 0.24827769583333334 0.5403295406249999 0.24887800625 0.378096715625 0.11242829791666667 0.3770188171875 0.11645693333333333 0.537881221875
15 0.26189103125 0.5420491421875 0.39317177708333334 0.5467680125000001 0.4007820270833333 0.383354478125 0.26709074374999997 0.3790663515625 0.26189103125 0.5420491421875
46 0.40837331666666665 0.5470504375 0.5416314958333334 0.551313403125 0.5579286770833334 0.3880519703125 0.42085370625 0.3817499609375 0.40837331666666665 0.5470504375
48 0.5602475916666666 0.5529609203125 0.7047383104166667 0.5587215140625 0.7196010625 0.38891879218750003 0.5745560333333334 0.3857355671875 0.5602475916666666 0.5529609203125
4 0.11476089583333333 0.3642739421875 0.24679349583333332 0.3668501484375 0.25302992291666665 0.1955938203125 0.11810565625 0.1991029921875 0.11476089583333333 0.3642739421875
30 0.26566284166666665 0.3677222109375 0.3986651375 0.3728031265625 0.4097001625 0.1918568984375 0.27306920208333335 0.19468500312499998 0.26566284166666665 0.3677222109375
42 0.41607003125 0.3724551203125 0.5585392333333333 0.3749416203125 0.5757163520833333 0.19279953593750002 0.4279432270833333 0.19217529375 0.41607003125 0.3724551203125
21 0.5740193416666667 0.37391900625 0.7255451895833332 0.37329542031249996 0.73981295625 0.19761832343750002 0.58431234375 0.19490438593749998 0.5740193416666667 0.37391900625