59 0.7881930083333334 0.11807336718749999 0.27533965416666667 0.0786019609375 0.18531869791666666 0.6846280703125001 0.6713456541666667 0.725052990625 0.7881930083333334 0.11807336718749999
33 0.3942510083333334 0.13860995781250002 0.2854517458333333 0.1314617453125 0.26346772916666666 0.2670463390625 0.3754201833333333 0.2753454546875 0.3942510083333334 0.13860995781250002
43 0.5223593729166667 0.14760700468750002 0.4085989895833333 0.1379249328125 0.38633532708333335 0.276112025 0.4977138020833333 0.28437131875 0.5223593729166667 0.14760700468750002
12 0.6435744416666667 0.1561199375 0.5332831708333333 0.14832058125 0.5084872895833333 0.2860018203125 0.6186462791666667 0.29461167499999996 0.6435744416666667 0.1561199375
6 0.7680951458333334 0.16573890625 0.6574256520833334 0.1575854640625 0.63443911875 0.29397353593750003 0.7422293624999999 0.3028542171875 0.7680951458333334 0.16573890625
11 0.37163251875000003 0.2843139671875 0.264416725 0.273691934375 0.24715805625 0.40969838437500006 0.35444421875000004 0.4181069703125 0.37163251875000003 0.2843139671875
51 0.49450004374999995 0.2933801359375 0.3859643208333334 0.285506378125 0.36744543749999997 0.4203306203125 0.47407665 0.4256348734375 0.49450004374999995 0.2933801359375
27 0.6172266333333333 0.3033097984375 0.5084943479166667 0.2957512328125 0.48829743541666665 0.42750747968749997 0.59112885625 0.434729328125 0.6172266333333333 0.3033097984375
7 0.7372926 0.31174202968750003 0.62892780625 0.3028209953125 0.6029816270833332 0.43687232343750004 0.7132104312499999 0.445050384375 0.7372926 0.31174202968750003
18 0.3543147625 0.42602132968750006 0.24464215833333333 0.4171028703125 0.22723899583333335 0.545980265625 0.33524071875 0.553565225 0.3543147625 0.42602132968750006
31 0.47430953958333333 0.43488574687500003 0.36759792708333333 0.4265175125 0.34680088333333337 0.5539404 0.4525050541666667 0.561364 0.47430953958333333 0.43488574687500003
26 0.5915034083333333 0.44311627031249995 0.48350398333333333 0.43551721250000003 0.4627751854166667 0.562521965625 0.5676926020833334 0.5712013812500001 0.5915034083333333 0.44311627031249995
41 0.7092007104166667 0.4518188453125 0.6007300562500001 0.4426572765625 0.58097649375 0.5716971234375 0.6866800166666667 0.579120678125 0.7092007104166667 0.4518188453125
17 0.33251626875 0.5595800640624999 0.22601313333333334 0.5534910875 0.20873620833333334 0.677149303125 0.31659692083333335 0.685598240625 0.33251626875 0.5595800640624999
1 0.45043555208333336 0.5704831765625 0.3437809041666667 0.561761915625 0.3235607645833333 0.685650125 0.4278338125 0.6947209796875 0.45043555208333336 0.5704831765625
20 0.5686263583333333 0.5761620703125 0.461006975 0.568901978125 0.43759986041666665 0.69540685 0.5466802166666667 0.70350425625 0.5686263583333333 0.5761620703125
0 0.6823835104166667 0.5876462671875 0.5785109041666666 0.5787933578125 0.5578773083333334 0.7025433578125 0.6597112229166666 0.7123163015625 0.6823835104166667 0.5876462671875