58 0.22060171666666667 0.8668822640625 0.7642190270833333 0.8816968781250001 0.86915113125 0.23436630625000002 0.3117186229166667 0.17439546875 0.22060171666666667 0.8668822640625
36 0.6455592708333333 0.8320200968749999 0.7593547875 0.835127728125 0.7814808000000001 0.6970561953125001 0.6654873083333332 0.6889832625000001 0.6455592708333333 0.8320200968749999
8 0.5156538583333333 0.8256076437500001 0.63340595625 0.829799571875 0.6537492583333333 0.6888058640625 0.5361740770833333 0.6830951562500001 0.5156538583333333 0.8256076437500001
29 0.37809918541666665 0.8231731968749999 0.49980147291666666 0.8271022406249999 0.5223189333333333 0.6842682203125 0.39836765208333336 0.6772138328125 0.37809918541666665 0.8231731968749999
45 0.24105521458333332 0.8163544703125 0.3629521958333333 0.824220240625 0.38662966041666663 0.677035946875 0.2593768041666667 0.6702843015625 0.24105521458333332 0.8163544703125
44 0.6672827583333334 0.679177859375 0.78301930625 0.688054565625 0.800916975 0.547025684375 0.6876327604166667 0.5381266359375 0.6672827583333334 0.679177859375
3 0.5359092083333333 0.6741528031249999 0.6558029291666667 0.6795877406249999 0.67643023125 0.5389600234375 0.5567699166666666 0.5287173000000001 0.5359092083333333 0.6741528031249999
49 0.4007553979166667 0.667931803125 0.5242466729166667 0.6733271453125 0.5452021395833333 0.5270781484375 0.422410525 0.5156764109374999 0.4007553979166667 0.667931803125
19 0.2612858083333333 0.6595040734375 0.3871539583333333 0.6655248453125 0.40832838958333334 0.5187981546875 0.28231673333333335 0.5126073046874999 0.2612858083333333 0.6595040734375
40 0.68882830625 0.5278631765624999 0.8046050833333334 0.537796565625 0.8314911791666667 0.3967154890625 0.7130152895833334 0.387520971875 0.68882830625 0.5278631765624999
34 0.5605613 0.5186015734375 0.6791530458333334 0.5282035421875 0.70291565 0.38449442500000003 0.5830283979166667 0.3761998875 0.5605613 0.5186015734375
5 0.4252124583333333 0.50844676875 0.5453761020833333 0.519976646875 0.5715173416666667 0.37407381093750003 0.445594425 0.3615130671875 0.4252124583333333 0.50844676875
53 0.28704078749999995 0.500092909375 0.41202498333333337 0.50809415 0.4350408541666667 0.3623833875 0.30587313958333334 0.3496379734375 0.28704078749999995 0.500092909375
32 0.7184489416666667 0.374522953125 0.8353269625 0.386218609375 0.85428173125 0.24592894375 0.7376712416666666 0.231936596875 0.7184489416666667 0.374522953125
4 0.5836355645833333 0.36537942343749996 0.7060318416666667 0.37456695 0.72469205 0.2311979171875 0.605372225 0.218032171875 0.5836355645833333 0.36537942343749996
30 0.44651011875 0.353652065625 0.5708454104166666 0.36441991875 0.59380445 0.216393021875 0.4690659541666667 0.20488048593750002 0.44651011875 0.353652065625
10 0.30648030625 0.338817509375 0.43293868750000003 0.3523895265625 0.45354764375 0.20350714375 0.32661052083333336 0.188436928125 0.30648030625 0.338817509375