14 0.22712044375 0.3611752921875 0.33054296875 0.3628486328125 0.33128711041666664 0.23735888593749999 0.22600455625 0.236606934375 0.22712044375 0.3611752921875
13 0.3469121083333333 0.3628486328125 0.447358725 0.36340625000000004 0.4495904958333333 0.24014794843749998 0.3469121083333333 0.2373046875 0.3469121083333333 0.3628486328125
39 0.46075130208333337 0.3628486328125 0.5626861979166667 0.36563720625 0.56491796875 0.2418208 0.4622395833333333 0.238002440625 0.46075130208333337 0.3628486328125
9 0.5768229166666666 0.36340625000000004 0.6802454416666667 0.3678681640625 0.6824778645833334 0.2429365234375 0.5794270833333334 0.2407924796875 0.5768229166666666 0.36340625000000004
2 0.22637630208333331 0.4939536140625 0.3290553375 0.49674218750000004 0.33128711041666664 0.3734833984375 0.22600455625 0.3719306640625 0.22637630208333331 0.4939536140625
16 0.34393619791666663 0.4972998046875 0.4458704416666667 0.4995307609375 0.4466145833333333 0.3734833984375 0.3431920583333333 0.37262841875 0.34393619791666663 0.4972998046875
28 0.4577753916666667 0.49785742187500004 0.5611979166666666 0.4989731453125 0.5634303374999999 0.37404150468749997 0.45851953125 0.37262841875 0.4577753916666667 0.49785742187500004
15 0.5768229166666666 0.49785742187500004 0.6787571604166666 0.4989731453125 0.6809895833333334 0.3762719734375 0.5775670583333333 0.374721190625 0.5768229166666666 0.49785742187500004
42 0.22191211041666667 0.6317890625 0.3245904958333333 0.6312314453125001 0.32831119791666663 0.506857421875 0.22321419375 0.5037666015625 0.22191211041666667 0.6317890625
21 0.3364954416666667 0.6312314453125001 0.4421503916666667 0.6323466796874999 0.44363867083333336 0.5074150390625001 0.34226171875 0.505859375 0.3364954416666667 0.6312314453125001
45 0.45331119791666663 0.6323466796874999 0.5611979166666666 0.6334624015625 0.5634303374999999 0.506857421875 0.4575891916666667 0.505859375 0.45331119791666663 0.6323466796874999
33 0.5753346354166666 0.6329047859375 0.6787571604166666 0.6351357421875 0.6787571604166666 0.5085307609374999 0.57663671875 0.50725439375 0.5753346354166666 0.6329047859375
51 0.21744791666666666 0.769029296875 0.3193821625 0.7707021484375 0.3253346354166667 0.6418662109375 0.21856380208333331 0.64118310625 0.21744791666666666 0.769029296875
27 0.3350071625 0.7707021484375 0.43917382916666664 0.7701445312499999 0.4443821625 0.6418662109375 0.3385416666666667 0.64118310625 0.3350071625 0.7707021484375
7 0.4518229166666667 0.771259765625 0.5582220041666666 0.7707021484375 0.5611979166666666 0.6435395515625 0.4566595041666667 0.642578125 0.4518229166666667 0.771259765625
53 0.5745904958333334 0.7718178703125 0.6809895833333334 0.77293310625 0.6795013020833333 0.6446552734375001 0.5747766916666667 0.642578125 0.5745904958333334 0.7718178703125
54 0.20078125 0.7797294921875 0.69453125 0.785976075 0.6955729166666667 0.1980161125 0.21614583333333334 0.190625 0.20078125 0.7797294921875