55 0.6848966666666667 0.08061896874999999 0.24765409166666666 0.147675346875 0.36401267083333333 0.6572064265625001 0.7829856145833334 0.5966422046875001 0.6848966666666667 0.08061896874999999
20 0.6787169604166666 0.123192490625 0.5859512291666668 0.13634010624999998 0.6098352208333334 0.2494470734375 0.7005292645833333 0.23438996093750003 0.6787169604166666 0.123192490625
0 0.57359611875 0.13870897499999998 0.4798884791666667 0.152141834375 0.5054613208333333 0.26749993125 0.5957810125 0.25150581875 0.57359611875 0.13870897499999998
42 0.46776949375 0.154611615625 0.37454791875000004 0.16899532343749998 0.3986697791666666 0.283547975 0.4931837333333334 0.26900575937500004 0.46776949375 0.154611615625
21 0.3635704104166667 0.1693878109375 0.26889014791666666 0.18392090625 0.2946215958333333 0.300242953125 0.38873907708333333 0.2832911 0.3635704104166667 0.1693878109375
37 0.7028870270833333 0.24337892656250001 0.6087659083333333 0.25830538281250004 0.6320037125 0.371491603125 0.7246584416666667 0.35766936718750003 0.7028870270833333 0.24337892656250001
24 0.5985755729166667 0.26047712500000003 0.5041508 0.2755613515625 0.5298147541666667 0.387466603125 0.6198053854166666 0.3734791671875 0.5985755729166667 0.26047712500000003
51 0.4949726770833333 0.2768734828125 0.40051085833333333 0.2907309078125 0.4279548541666667 0.4014349265625 0.5180247479166666 0.38792922500000004 0.4949726770833333 0.2768734828125
27 0.3889588 0.2926397 0.2975964479166667 0.3063034265625 0.32479072708333334 0.41949633906250006 0.4160737375 0.40535039375000004 0.3889588 0.2926397
39 0.72615183125 0.36474244218749996 0.6334364708333333 0.38019947656249997 0.6549179312500001 0.486717771875 0.7470850770833334 0.4739387421875 0.72615183125 0.36474244218749996
9 0.6225489354166667 0.3811388 0.5298758708333333 0.39585125 0.5516745416666667 0.5042974499999999 0.6444085354166667 0.4909569484375 0.6225489354166667 0.3811388
17 0.5205615125 0.3973370234375 0.42825383958333335 0.4112652609375 0.4510276791666667 0.5176250484375 0.5424692937500001 0.50444305625 0.5205615125 0.3973370234375
1 0.41676026250000003 0.412527840625 0.32800344791666664 0.42700249843750004 0.35199032291666665 0.5327215609375 0.44198103333333333 0.5187346046875 0.41676026250000003 0.412527840625
28 0.7504370437500001 0.4822911921875 0.6545653333333333 0.49659456874999997 0.6793570020833334 0.6031983265624999 0.7680553354166667 0.5893698828125 0.7504370437500001 0.4822911921875
15 0.6450203208333334 0.49768014374999997 0.5529433 0.51200858125 0.5783018958333332 0.61805135 0.6655491666666666 0.6034169796875 0.6450203208333334 0.49768014374999997
25 0.5451585729166666 0.5117728515625 0.4525343041666667 0.5267818640625 0.4763626541666667 0.63153745625 0.565298775 0.6191542140624999 0.5451585729166666 0.5117728515625
38 0.4429727958333334 0.5267655328124999 0.3526922333333333 0.5409941625 0.3761122625 0.6472746953125 0.46496912083333336 0.63440971875 0.4429727958333334 0.5267655328124999