59 0.11137646875 0.31297935 0.06722219374999999 0.6118268687499999 0.7112617916666667 0.6422775859375001 0.7456445083333333 0.34239852656249997 0.11137646875 0.31297935
33 0.16152641666666667 0.32424703125 0.1524223083333333 0.3897025703125 0.2900777458333333 0.3963307359375 0.29751312916666667 0.3328457546875 0.16152641666666667 0.32424703125
43 0.15022167083333335 0.3963731390625 0.14202510416666667 0.4612480828125 0.28118869375 0.4672353125 0.28758743125 0.40441397031250004 0.15022167083333335 0.3963731390625
12 0.14021300625000002 0.4676700859375 0.13115639791666667 0.5327708906249999 0.27159407708333333 0.539889553125 0.27907624374999995 0.476050296875 0.14021300625000002 0.4676700859375
6 0.13083222708333334 0.5388187546875 0.11915812083333334 0.605665925 0.26039493333333336 0.61032636875 0.2708451875 0.5455604359375 0.13083222708333334 0.5388187546875
11 0.3069830291666667 0.3325881828125 0.29891204374999997 0.3981827234375 0.4365855520833334 0.405168290625 0.44180383125 0.340506471875 0.3069830291666667 0.3325881828125
51 0.29620933125 0.40518564843749993 0.28834218125 0.46793677968749997 0.42567070625 0.47704540624999997 0.43291471249999997 0.4114115375 0.29620933125 0.40518564843749993
27 0.28643465625 0.47471071875000004 0.27846333333333334 0.5391502296875 0.41805157708333335 0.5455149296874999 0.4244035291666667 0.48304786406250005 0.28643465625 0.47471071875000004
7 0.27772214166666664 0.5451780109375 0.27004572083333334 0.6100779984375 0.4067587979166667 0.6166607875000001 0.41541738333333333 0.5510945421875 0.27772214166666664 0.5451780109375
18 0.45202495000000004 0.3395720109375 0.44362804791666666 0.406220940625 0.5785955270833333 0.41164959687499997 0.5870200541666667 0.3478557140625 0.45202495000000004 0.3395720109375
31 0.44066170208333333 0.4121410890625 0.4326622458333333 0.4748858484375 0.5683387458333333 0.4821317875 0.57600811875 0.41687493125 0.44066170208333333 0.4121410890625
26 0.43312820625000004 0.48266564375 0.4252812791666667 0.5451499828124999 0.5585541166666667 0.5526367140625 0.5674026520833333 0.48922026875 0.43312820625000004 0.48266564375
41 0.4223188104166667 0.5532104828125 0.41512158958333334 0.6184900734375 0.5489595020833333 0.625290953125 0.5589383145833333 0.5605018281249999 0.4223188104166667 0.5532104828125
17 0.5958877770833334 0.3464990640625 0.58761703125 0.41208398593749995 0.7239522375 0.41793502968749996 0.7321895625 0.35555874374999996 0.5958877770833334 0.3464990640625
1 0.5846415270833333 0.41818220625 0.5767957541666667 0.483252546875 0.7135550333333334 0.4894805421875 0.7213682875 0.4267273078125 0.5846415270833333 0.41818220625
20 0.5776982229166666 0.48873517812499995 0.567999625 0.5534485390625 0.7032988354166666 0.5599632515625 0.7113489541666667 0.4990045671875 0.5776982229166666 0.48873517812499995
0 0.5652138083333333 0.5608039953125 0.5591105708333333 0.62435311875 0.6959675229166666 0.63343953125 0.70321153125 0.5678056625 0.5652138083333333 0.5608039953125