61 0.23456119791666669 0.7334228515625 0.6527154958333334 0.7295185546875 0.6512278645833334 0.223466309375 0.21949413958333333 0.2275390625 0.23456119791666669 0.7334228515625
6 0.24114583333333334 0.378381346875 0.3328125 0.37720996093750003 0.32864583333333336 0.2659423828125 0.23333333333333334 0.265552246875 0.24114583333333334 0.378381346875
19 0.33958333333333335 0.379162109375 0.4359375 0.3803330078125 0.43072916666666666 0.265552246875 0.3385416666666667 0.26572265625 0.33958333333333335 0.379162109375
11 0.44583333333333336 0.378381346875 0.5359375 0.377990721875 0.5359375 0.26477148437500003 0.4420572916666667 0.2642578125 0.44583333333333336 0.378381346875
50 0.5453125 0.377990721875 0.6395833333333333 0.377990721875 0.6385416666666667 0.26360009687499997 0.544921875 0.26376953125 0.5453125 0.377990721875
26 0.24427083333333333 0.4951674796875 0.3359375 0.49477734375000004 0.3307291666666667 0.3858525390625 0.240234375 0.386328125 0.24427083333333333 0.4951674796875
41 0.34739583333333335 0.49477734375000004 0.4359375 0.4939965828125 0.4322916666666667 0.3850712890625 0.3424479166666667 0.3853515625 0.34739583333333335 0.49477734375000004
10 0.44947916666666665 0.49477734375000004 0.5369791666666667 0.4951674796875 0.5348958333333333 0.38429052812500003 0.4427083333333333 0.38583984375 0.44947916666666665 0.49477734375000004
25 0.5473958333333333 0.49477734375000004 0.6375 0.49360595625 0.6369791666666667 0.384681153125 0.546875 0.384375 0.5473958333333333 0.49477734375000004
36 0.24427083333333333 0.6111997078125 0.3380208333333333 0.61237109375 0.33541666666666664 0.5010771484375 0.24348958333333334 0.50205078125 0.24427083333333333 0.6111997078125
8 0.34791666666666665 0.6111997078125 0.4375 0.6104189453125 0.4359375 0.5011040046875 0.3463541666666667 0.50205078125 0.34791666666666665 0.6111997078125
29 0.446875 0.6104189453125 0.5401041666666667 0.6104189453125 0.5369791666666667 0.49993261718750004 0.4466145833333333 0.5015625 0.446875 0.6104189453125
47 0.5489583333333333 0.6092475578125 0.6395833333333333 0.6072958984375 0.6369791666666667 0.49993261718750004 0.5462239583333334 0.50107421875 0.5489583333333333 0.6092475578125
44 0.24635416666666668 0.7248627937500001 0.340625 0.7236918953125 0.33541666666666664 0.617109375 0.24479166666666666 0.61875 0.24635416666666668 0.7248627937500001
3 0.3494791666666667 0.7252534171875 0.44114583333333335 0.7221298828125 0.43697916666666664 0.6159379875 0.3463541666666667 0.61728515625 0.3494791666666667 0.7252534171875
49 0.4484375 0.7229111328125 0.5390625 0.7225205078125 0.5385416666666667 0.617109375 0.4479166666666667 0.6177734375 0.4484375 0.7229111328125
18 0.55 0.7225205078125 0.6411458333333333 0.7236918953125 0.6380208333333334 0.6147670890625 0.546875 0.61630859375 0.55 0.7225205078125