61 0.8342015583333333 0.6493825015625 0.8589157249999999 0.3259319296875 0.18458527291666668 0.29895355156250003 0.1605947375 0.612227503125 0.8342015583333333 0.6493825015625
6 0.8001862145833333 0.40472529843749994 0.8073581625 0.3334156265625 0.65664904375 0.33073078749999996 0.6518097958333333 0.3994297234375 0.8001862145833333 0.40472529843749994
19 0.7935801333333333 0.48116178437499996 0.7997879291666667 0.41214871249999996 0.6487390916666667 0.40434990937500004 0.640455325 0.4763802015625 0.7935801333333333 0.48116178437499996
11 0.7872758104166666 0.5599668015625 0.7945121979166667 0.48973850781249995 0.6423620625 0.48393458906250003 0.6365927645833334 0.5514049875 0.7872758104166666 0.5599668015625
50 0.7816731375 0.6368522 0.7879822062499999 0.566767165625 0.6359383979166666 0.5584219546875 0.6293583895833332 0.628981465625 0.7816731375 0.6368522
26 0.6404528354166668 0.39721683125 0.6461363270833334 0.329447634375 0.5010007083333333 0.32423822812499997 0.49512169791666666 0.392878084375 0.6404528354166668 0.39721683125
41 0.6344036375000001 0.4732930640625 0.6403016270833334 0.4060259265625 0.49432191666666664 0.40145437812500007 0.48918091041666667 0.46778478437500004 0.6344036375000001 0.4732930640625
10 0.6282810833333333 0.5501489234375 0.6326536979166666 0.4810315765625 0.48719660416666666 0.4778613640625 0.4805699604166667 0.5433235625 0.6282810833333333 0.5501489234375
25 0.6206358895833334 0.6265263671875 0.6273325270833333 0.5591086609375 0.48036211874999996 0.551149696875 0.4756319333333333 0.6186791375 0.6206358895833334 0.6265263671875
36 0.4867736645833334 0.3920118515625 0.49189427916666667 0.32313295468750003 0.3465738625 0.315463690625 0.33847121458333335 0.3855447890625 0.4867736645833334 0.3920118515625
8 0.47972166875 0.4672473109375 0.4847144333333333 0.40012468749999996 0.33933948750000004 0.3930401703125 0.334125775 0.460150240625 0.47972166875 0.4672473109375
29 0.4742280583333333 0.5429632140625 0.47836621041666666 0.47520418593749997 0.33347140833333333 0.4671672078125 0.32696410833333334 0.53694705625 0.4742280583333333 0.5429632140625
47 0.46724815833333333 0.6178108734375 0.4720634270833333 0.5497963968749999 0.3279050895833333 0.543662775 0.3241770125 0.611641053125 0.46724815833333333 0.6178108734375
44 0.3323468229166667 0.3832373140625 0.33648885416666663 0.3152825578125 0.19515468541666667 0.3084276390625 0.19013301875 0.37907569531249996 0.3323468229166667 0.3832373140625
3 0.32681685833333335 0.45934305000000003 0.33134945 0.39141048437500003 0.18743678333333333 0.385584746875 0.18519564375 0.45443130781249996 0.32681685833333335 0.45934305000000003
49 0.3181689020833333 0.535271621875 0.32361063749999996 0.46739071406250005 0.18364692916666667 0.4598298703125 0.17784127916666667 0.5276900999999999 0.3181689020833333 0.535271621875
18 0.3143426958333333 0.6099065765625 0.318653 0.5415694828125 0.17707784999999998 0.5358765609375 0.16915696875 0.6040085015625001 0.3143426958333333 0.6099065765625