57 0.682847825 0.2196056640625 0.29774698958333334 0.2036450125 0.17722339374999999 0.6910151609375 0.6015175666666667 0.71006360625 0.682847825 0.2196056640625
13 0.3817507625 0.2428256578125 0.2989302541666667 0.23848158437500003 0.2748922791666667 0.3385693421875 0.36168013125 0.341576478125 0.3817507625 0.2428256578125
39 0.47647016458333336 0.24750969218750002 0.39435019583333336 0.2424176328125 0.3719452125 0.3422126203125 0.45826550208333333 0.3471665609375 0.47647016458333336 0.24750969218750002
9 0.5742170854166667 0.2504322609375 0.4883165875 0.24589929375000003 0.46880478333333336 0.3466610203125 0.5528848895833334 0.3522670375 0.5742170854166667 0.2504322609375
22 0.6673967270833334 0.255020875 0.582506825 0.2506177625 0.5630108166666666 0.351313734375 0.6493789958333333 0.3538994109375 0.6673967270833334 0.255020875
40 0.3599773958333333 0.3486662171875 0.2735636416666667 0.3441014421875 0.24938454166666668 0.44694565624999993 0.33803836249999997 0.45085884062500003 0.3599773958333333 0.3486662171875
34 0.45726306875 0.3535092875 0.36949050833333336 0.34863786406249997 0.3483034479166667 0.4514949828125 0.43551108541666667 0.4549230921875 0.45726306875 0.3535092875
5 0.55104943125 0.3577405421875 0.46660119375 0.3536673203125 0.4445626125 0.45627443906250004 0.5305566958333333 0.46041775312500005 0.55104943125 0.3577405421875
2 0.6482894145833333 0.360605 0.5613795666666667 0.3575636125 0.5421289208333333 0.45994903593750003 0.6308762041666667 0.4634730546875 0.6482894145833333 0.360605
28 0.335635325 0.4586955890625 0.24710889375 0.4542519921875 0.2213539125 0.5614889078124999 0.31215433125000003 0.56513966875 0.335635325 0.4586955890625
15 0.43404109166666666 0.463212621875 0.34550271875 0.45936096875 0.3205990208333333 0.5668488625 0.4116799541666667 0.5693316359375 0.43404109166666666 0.463212621875
46 0.5304871875 0.467213746875 0.44401351875 0.46398287656250004 0.4223192520833334 0.5684096515625 0.5104119270833334 0.5746592921875 0.5304871875 0.467213746875
48 0.6281469604166666 0.47049917968750005 0.5417090979166667 0.466577003125 0.52217108125 0.5734122453125 0.6116644791666667 0.578167375 0.6281469604166666 0.47049917968750005
4 0.30925078958333335 0.5728915203125 0.21746034791666666 0.569567446875 0.19001913750000002 0.6832831625 0.28212657916666667 0.68582955 0.30925078958333335 0.5728915203125
30 0.4086373729166667 0.5754935546875 0.3196469020833333 0.5724398859375001 0.29309208333333336 0.6857181921875 0.385012475 0.6890434015625 0.4086373729166667 0.5754935546875
42 0.5107293833333333 0.5798440703125001 0.420723975 0.5772208296875 0.39765678125000004 0.6906174 0.4906036833333333 0.6940062203124999 0.5107293833333333 0.5798440703125001
21 0.60997449375 0.5852040234375 0.5206348895833333 0.5814351906249999 0.49984225833333334 0.694578746875 0.5934415729166667 0.6995888203125 0.60997449375 0.5852040234375