58 0.1787109375 0.829221190625 0.7587890625 0.8175087890625001 0.7340494791666666 0.16961328125 0.2099609375 0.1539970703125 0.1787109375 0.829221190625
36 0.21712239583333334 0.335083496875 0.3388671875 0.337523925 0.3408203125 0.20234375 0.22054036458333334 0.1978759765625 0.21712239583333334 0.335083496875
8 0.3538411458333333 0.3399638671875 0.4736328125 0.34533203125 0.4723307291666667 0.206248046875 0.3564453125 0.2015380859375 0.3538411458333333 0.3399638671875
29 0.4833984375 0.3438681640625 0.6012369791666666 0.345819825 0.5999348958333334 0.2096640625 0.4866536458333333 0.205810546875 0.4833984375 0.3438681640625
45 0.6103515625 0.345819825 0.7281901041666666 0.348748046875 0.7262369791666666 0.21259179687500002 0.6119791666666666 0.208251953125 0.6103515625 0.345819825
44 0.21126302083333334 0.4912485359375 0.3388671875 0.4932001953125 0.3375651041666667 0.348748046875 0.21402994791666666 0.3468017578125 0.21126302083333334 0.4912485359375
3 0.3492838541666667 0.4907602546875 0.4742838541666667 0.491736328125 0.4716796875 0.3521640625 0.3531901041666667 0.3480224609375 0.3492838541666667 0.4907602546875
49 0.4820963541666667 0.4912485359375 0.6025390625 0.49515234374999995 0.5999348958333334 0.3541162109375 0.4833984375 0.352294921875 0.4820963541666667 0.4912485359375
19 0.6142578125 0.4932001953125 0.7314453125 0.49564062499999995 0.7275390625 0.3550922859375 0.6119791666666666 0.352294921875 0.6142578125 0.4932001953125
40 0.19954427083333334 0.6514169921875 0.3304036458333333 0.6484892578125 0.3356119791666667 0.503060546875 0.20670572916666666 0.498779296875 0.19954427083333334 0.6514169921875
34 0.3486328125 0.6475131828125 0.4690755208333333 0.646048828125 0.4703776041666667 0.5011083984375 0.3499348958333333 0.501220703125 0.3486328125 0.6475131828125
5 0.4847005208333333 0.6480009765625 0.6057942708333334 0.646048828125 0.6018880208333334 0.5020844734375001 0.4850260416666667 0.5006103515625 0.4847005208333333 0.6480009765625
53 0.6240234375 0.646048828125 0.7386067708333334 0.646537109375 0.7320963541666666 0.5025727546875001 0.6160481770833334 0.501220703125 0.6240234375 0.646048828125
32 0.1982421875 0.8145473640625 0.3284505208333333 0.8160112296875001 0.3304036458333333 0.6602680671875001 0.2001953125 0.6611328125 0.1982421875 0.8145473640625
4 0.3421223958333333 0.8135712890625 0.4703776041666667 0.8101552734374999 0.4736328125 0.6564306640625001 0.3434244791666667 0.6593017578125 0.3421223958333333 0.8135712890625
30 0.4847005208333333 0.8125952156249999 0.6097005208333334 0.8072270515625 0.6057942708333334 0.65691845625 0.48583984375 0.65625 0.4847005208333333 0.8125952156249999
10 0.6227213541666666 0.80869091875 0.7438151041666666 0.8057631828125 0.7392578125 0.6559423828125001 0.6209309895833334 0.655029296875 0.6227213541666666 0.80869091875