6 0.08266469166666666 0.266872096875 0.07445438750000001 0.34274554375 0.23658552500000002 0.35733842031249996 0.24453591458333335 0.28152470625000003 0.08266469166666666 0.266872096875
19 0.07384932916666667 0.3515969984375 0.06589790416666667 0.4268321359375 0.22703647083333334 0.44132839375 0.2355717145833333 0.3661554453125 0.07384932916666667 0.3515969984375
11 0.1422505331711507 0.480543444813507 0.1714999596658386 0.08891964247680573
50 0.1335239787854968 0.5639735406531946 0.1714999596658386 0.08891964247680555
26 0.3327233326786942 0.32998301320211826 0.16944086729005103 0.09200827488562506
41 0.3239907180536539 0.41263185904180577 0.1694166263325053 0.08888327488562506
10 0.31525204318922717 0.49449945488149327 0.16732117252039913 0.08728440729444457
25 0.3033944285641868 0.5770937493344099 0.16730905204162633 0.08572190729444458
36 0.5005165093634374 0.34384810429215307 0.1652378391870658 0.08724803970326392
8 0.4917960152171698 0.4280594501318406 0.1652378391870658 0.08724803970326392
29 0.483057340352743 0.509927045971528 0.16315450585373245 0.08721167211208343
47 0.47328305906103607 0.5925577080156252 0.16314238537495965 0.08564917211208342
44 0.66936347319362 0.35929387917777816 0.16109541347794476 0.09030030452090285
3 0.6575058585685796 0.4418881736306949 0.1610590520416262 0.08561280452090295
49 0.6466838503708193 0.5237194018792017 0.1610590520416262 0.08561280452090295
18 0.6379512357457792 0.6063682477188893 0.1610590520416262 0.08561280452090295
61 0.76456188125 0.3226979375 0.0305894375 0.25381898125 0.003907414583333334 0.503720628125 0.0046619416666666665 0.600989740625 0.7238146041666667 0.6586463593749999 0.76456188125 0.3226979375