63 0.19959049583333333 0.8013896484374999 0.70703125 0.819794921875 0.70851953125 0.233467284375 0.2520462229166667 0.2386997078125 0.19959049583333333 0.8013896484374999
50 0.25241796875 0.39297802656249997 0.353608725 0.3946513671875 0.3588170583333333 0.27808544999999996 0.2613470041666667 0.277064940625 0.25241796875 0.39297802656249997
35 0.36179296875 0.3946513671875 0.4644720041666667 0.395208984375 0.46893619791666663 0.2758544921875 0.369233725 0.27776220625 0.36179296875 0.3946513671875
17 0.47488867083333336 0.39409375 0.5768229166666666 0.397439940625 0.58054296875 0.274181640625 0.4808404958333333 0.2742744140625 0.47488867083333336 0.39409375
1 0.5909596354166666 0.395208984375 0.69289453125 0.3946513671875 0.6936386729166667 0.274181640625 0.5915175791666667 0.27497216875 0.5909596354166666 0.395208984375
23 0.24497786458333334 0.51962109375 0.34616796875 0.52185205 0.35137630208333337 0.401939940625 0.2529759125 0.3984375 0.24497786458333334 0.51962109375
47 0.3543528645833333 0.521294434375 0.45554296875 0.5224096687500001 0.462983725 0.4030556640625 0.3636529958333333 0.40053027343750003 0.3543528645833333 0.521294434375
25 0.4696803375 0.523005859375 0.5723587250000001 0.522447753125 0.5760787749999999 0.40365136718750005 0.4734003916666667 0.39983251875 0.4696803375 0.523005859375
38 0.5872395833333334 0.5246787109375 0.6891738270833333 0.52690966875 0.6921503916666667 0.401978028125 0.5868678374999999 0.39983251875 0.5872395833333334 0.5246787109375
22 0.22860872291666665 0.6541103515625 0.33128711041666664 0.653552734375 0.34542382916666664 0.5291787109375 0.24497786458333334 0.52862109375 0.22860872291666665 0.6541103515625
52 0.34616796875 0.6546684578125 0.45331119791666663 0.6596879875 0.45554296875 0.5297368171875 0.3524928375 0.52887841875 0.34616796875 0.6546684578125
14 0.46075130208333337 0.6552260750000001 0.5745904958333334 0.663591796875 0.5745904958333334 0.532525390625 0.466889975 0.5281806640625 0.46075130208333337 0.6552260750000001
13 0.5827753916666667 0.6630341796875 0.69289453125 0.6658227531249999 0.6906621083333333 0.5347563484375 0.5850071625000001 0.5309711921875 0.5827753916666667 0.6630341796875
46 0.2196803375 0.7924658203125 0.3253346354166667 0.7974853515625 0.33203125 0.6636298828125 0.22507421875 0.6614116203125 0.2196803375 0.7924658203125
48 0.3387278645833333 0.7952543953125 0.44512630208333337 0.8013896484374999 0.4518229166666667 0.6664189453125 0.34226171875 0.66350439375 0.3387278645833333 0.7952543953125
2 0.4614954416666667 0.7997163078125 0.56789453125 0.8041782218750001 0.5745904958333334 0.6708803703124999 0.4613092458333333 0.6676899421875 0.4614954416666667 0.7997163078125
16 0.5812871083333333 0.8047358390625 0.6951263020833333 0.8114287109375 0.69140625 0.673111328125 0.5812871083333333 0.67047998125 0.5812871083333333 0.8047358390625