20 0.28544140625000003 0.3950307625 0.36351953124999997 0.3926904296875 0.35769205625 0.30111767500000003 0.27968619791666666 0.30369873125 0.28544140625000003 0.3950307625
0 0.37272916666666667 0.392306153125 0.4487434895833333 0.38965966875 0.4436809895833333 0.29938720625 0.36619921875 0.301373046875 0.37272916666666667 0.392306153125
42 0.4592154958333333 0.389478515625 0.5356725270833333 0.3875844734375 0.5284941416666666 0.2953833015625 0.45204231666666667 0.2991840828125 0.4592154958333333 0.389478515625
21 0.5450097666666667 0.387201171875 0.6204166666666667 0.38493505781250004 0.6145182291666667 0.293494140625 0.53779296875 0.29639990312500003 0.5450097666666667 0.387201171875
37 0.2909108083333333 0.4946708984375 0.36986523541666666 0.491728028125 0.364828775 0.399645996875 0.28561002708333333 0.402075684375 0.2909108083333333 0.4946708984375
24 0.3787890625 0.491234375 0.45586197916666665 0.4880190421875 0.4504225270833333 0.39730029375 0.3730071604166667 0.39945507812500003 0.3787890625 0.491234375
51 0.4640852875 0.487696778125 0.5416328125 0.4852373046875 0.5364479166666667 0.3947470703125 0.45993815208333333 0.39636328125000003 0.4640852875 0.487696778125
27 0.5500970041666666 0.4849086921875 0.62698046875 0.4828286125 0.6212630208333334 0.391033203125 0.5441399729166666 0.39445947187499997 0.5500970041666666 0.4849086921875
39 0.29612890625 0.5939389640625 0.3751770833333333 0.5910048828125001 0.3706731770833333 0.49777587968750003 0.29195703125 0.501404296875 0.29612890625 0.5939389640625
9 0.3850598958333334 0.5905732421875001 0.46242252500000003 0.586649903125 0.45743229166666666 0.4952485359375 0.3786979166666667 0.497278809375 0.3850598958333334 0.5905732421875001
17 0.47160026041666664 0.5866376953125 0.5488424479166666 0.5834614265625 0.5418528645833334 0.49208837968749997 0.4654388020833334 0.49474023437500003 0.47160026041666664 0.5866376953125
1 0.5576770833333333 0.583228515625 0.6335950520833333 0.5811596671875 0.6278841145833333 0.488884278125 0.5504869791666667 0.492201171875 0.5576770833333333 0.583228515625
28 0.30051041666666667 0.696185546875 0.38120052083333333 0.69219921875 0.37567968749999997 0.5976826171875 0.2953417958333333 0.6007333984375001 0.30051041666666667 0.696185546875
15 0.38845963541666667 0.6916821296875 0.4685872395833333 0.6878569328124999 0.46290299583333333 0.5940927734375 0.38453580833333334 0.5970576171875 0.38845963541666667 0.6916821296875
25 0.47810416666666666 0.6876669921875 0.5550768229166666 0.6841987296875 0.5483483083333333 0.5903574218750001 0.47178580833333333 0.59438623125 0.47810416666666666 0.6876669921875
38 0.5643528645833332 0.684935059375 0.6423183604166667 0.6822807609375 0.6353040375 0.5876948234375 0.5581035145833333 0.5899433593750001 0.5643528645833332 0.684935059375
55 0.29092512916666663 0.702837890625 0.6539082041666667 0.6895830078125 0.6214381520833334 0.26083984375 0.26814192708333334 0.27259814375 0.29092512916666663 0.702837890625