14 0.30943426874999996 0.6936596265625 0.3122670854166667 0.6160147953124999 0.14495175208333333 0.62130146875 0.14333663333333335 0.7002984062500001 0.30943426874999996 0.6936596265625
13 0.31236231875 0.6037379406250001 0.31369018958333333 0.5283770062500001 0.14935877083333335 0.5324440265625 0.14497039166666664 0.60958524375 0.31236231875 0.6037379406250001
39 0.3130246145833333 0.5183585453124999 0.3173357520833333 0.44177749374999997 0.15226019583333333 0.4458705078125 0.14657168333333334 0.5230571390625001 0.3130246145833333 0.5183585453124999
9 0.31444338958333334 0.43127886249999997 0.32099430208333335 0.35350415156250004 0.15443177083333334 0.3576486203125 0.1509735125 0.43503656562500004 0.31444338958333334 0.43127886249999997
2 0.4864677020833333 0.6880334828125 0.49078317083333334 0.6108943265625 0.32645110208333333 0.6149613671874999 0.32376827291666666 0.6939956015625001 0.4864677020833333 0.6880334828125
16 0.49161323333333334 0.599707709375 0.4951808791666667 0.52315311875 0.3271220583333333 0.5284657625 0.3253803895833334 0.6060724765625001 0.49161323333333334 0.599707709375
28 0.4930190208333334 0.5143023421875 0.49510834583333335 0.43668348281249997 0.3285458125 0.440827953125 0.32605134583333334 0.519576871875 0.4930190208333334 0.5143023421875
15 0.49371161874999997 0.4250166984375 0.4957922854166667 0.34851405 0.3322037104166667 0.3525546328125 0.32953430625 0.4301937546875 0.49371161874999997 0.4250166984375
42 0.6702223291666667 0.6849618375000001 0.6700762041666667 0.6079790203125001 0.50426581875 0.61098130625 0.4995332895833334 0.6899480171875 0.6702223291666667 0.6849618375000001
21 0.6701454645833334 0.5990503109375 0.6722471270833333 0.5197571546875001 0.5056802645833334 0.5244597296875 0.5030162520833333 0.6005649 0.6701454645833334 0.5990503109375
45 0.6723120583333333 0.51138655 0.6744273541666667 0.4304195453125 0.5056337020833334 0.43464195156249996 0.5036872083333334 0.5140692953125 0.6723120583333333 0.51138655
33 0.6737661125 0.419842978125 0.6773424145833334 0.342172175 0.5085357729166666 0.348068896875 0.5062398312499999 0.4247186765625 0.6737661125 0.419842978125
51 0.8531833354166667 0.6819179156249999 0.8560068416666666 0.6053893171875 0.6842602208333334 0.6069255921875001 0.6827282395833334 0.687035534375 0.8531833354166667 0.6819179156249999
27 0.85609774375 0.5936705671875 0.8559602791666666 0.5155715390625 0.68495281875 0.5176399468749999 0.6834262520833333 0.5970521359375 0.85609774375 0.5936705671875
7 0.8575208479166666 0.5060327796874999 0.8573963708333333 0.4262594359375 0.6878635541666667 0.42995019531249995 0.6859734666666667 0.5083987828125001 0.8575208479166666 0.5060327796874999
53 0.8589792291666666 0.4139311015625 0.8610852208333333 0.33407984375 0.6900394520833333 0.341170690625 0.6866606520833333 0.4198108921875 0.8589792291666666 0.4139311015625
54 0.8673533 0.693919546875 0.8785546291666667 0.32331610781250003 0.09461407291666667 0.3499195328125 0.08197003125 0.7098340921874999 0.8673533 0.693919546875