6 0.2785514333333333 0.33656591874999997 0.3613196604166667 0.33702294843749997 0.3595078125 0.238700684375 0.27788671875 0.2384682609375 0.2785514333333333 0.33656591874999997
19 0.3704850270833333 0.3358999015625 0.452890625 0.3372255859375 0.4515533854166666 0.2384184578125 0.36891796875 0.2384682609375 0.3704850270833333 0.3358999015625
11 0.46144205833333335 0.337127440625 0.5426907541666667 0.3370634765625 0.54239453125 0.23854882812499997 0.4608209645833333 0.23814160156250003 0.46144205833333335 0.337127440625
50 0.5521197916666666 0.336299315625 0.6331386729166667 0.3358095703125 0.6315957020833333 0.239513671875 0.5509817708333333 0.238794921875 0.5521197916666666 0.336299315625
26 0.27925455833333335 0.4406293953125 0.3627128895833333 0.4413349609375 0.3608027354166667 0.34286328125 0.27817057291666664 0.34261328125 0.27925455833333335 0.4406293953125
41 0.3722441416666667 0.43988134843750004 0.4535371083333333 0.4400395515625 0.4535540375 0.342853028125 0.3702246083333333 0.3436557609375 0.3722441416666667 0.43988134843750004
10 0.4618932291666667 0.44009863281249995 0.5434921875000001 0.43819433593749996 0.5437845062500001 0.3438447265625 0.46125651041666665 0.34234912031250003 0.4618932291666667 0.44009863281249995
25 0.552734375 0.43947949218750004 0.63383984375 0.4384814453125 0.6334895833333333 0.34296777343749996 0.5505462229166667 0.3430024421875 0.552734375 0.43947949218750004
36 0.2795020166666667 0.4475360828125 0.2782011729166667 0.5452104484375 0.3623743479166667 0.544747559375 0.36348046875 0.44738964843750006 0.2795020166666667 0.4475360828125
8 0.37300520833333334 0.54378125 0.45435416666666667 0.542751465625 0.4541464833333333 0.44726464843749997 0.37153125000000004 0.44753662031249997 0.37300520833333334 0.54378125
29 0.46370833333333333 0.5432861328125 0.5457734375 0.5422451171875 0.5456614583333333 0.4466459953125 0.46256315000000003 0.4468833015625 0.46370833333333333 0.5432861328125
47 0.5544661458333333 0.4468833015625 0.5534485666666666 0.44626660156250003 0.5557747395833333 0.5428867187499999 0.6372799479166668 0.54284716875 0.6360091145833333 0.446369140625 0.5544661458333333 0.4468833015625
44 0.27874414166666667 0.651265625 0.36365755208333334 0.6507792968749999 0.36206835833333334 0.5519917000000001 0.2783222645833333 0.5527241218750001 0.27874414166666667 0.651265625
3 0.3723854166666667 0.65088671875 0.4554667958333333 0.64908251875 0.4540084625 0.551459471875 0.37240234375000003 0.551744140625 0.3723854166666667 0.65088671875
49 0.46481445416666667 0.648180175 0.5471315104166667 0.6489536124999999 0.5464830729166666 0.5511772453125 0.4656119791666667 0.55141748125 0.46481445416666667 0.648180175
18 0.55665950625 0.648390625 0.6382636708333334 0.64973828125 0.6373535166666666 0.549583496875 0.5557727875 0.5497836921875 0.55665950625 0.648390625
61 0.2689010416666667 0.6587509765624999 0.6506888020833334 0.6556425781249999 0.6435410166666667 0.2049208984375 0.26830403541666664 0.205474609375 0.2689010416666667 0.6587509765624999