59 0.18836875833333336 0.8748241484375001 0.7044582083333334 0.8917105624999999 0.7483403479166667 0.2806629640625 0.25845540208333334 0.2676350515625 0.18836875833333336 0.8748241484375001
33 0.21219694375 0.82381731875 0.32136149583333334 0.82860768125 0.33863465000000004 0.691770828125 0.2260589354166667 0.687771928125 0.21219694375 0.82381731875
43 0.33533097916666665 0.8308439328125001 0.450052075 0.8336762656250001 0.46159865624999996 0.6961783953125 0.34959940208333334 0.692202684375 0.33533097916666665 0.8308439328125001
12 0.46101146875 0.8341613015625 0.5718180291666666 0.8384721171875 0.5835387520833333 0.699240678125 0.4726501833333333 0.6957432109374999 0.46101146875 0.8341613015625
6 0.58586135625 0.8385343984375 0.6971337145833334 0.842537321875 0.7075690125 0.7045606984375 0.5989453499999999 0.70158790625 0.58586135625 0.8385343984375
11 0.22873680625 0.681324225 0.33725044791666664 0.682517965625 0.35537202500000004 0.5487604 0.2473692083333333 0.5453770765625 0.22873680625 0.681324225
51 0.35169611041666665 0.6829017609375 0.4607909666666667 0.6869482390625 0.4753190770833333 0.5543550703125 0.3687758770833333 0.5479828796875 0.35169611041666665 0.6829017609375
27 0.47521278333333333 0.6861334140625 0.58441885625 0.6905119828124999 0.5931323249999999 0.5581247859375 0.4898335645833333 0.554056278125 0.47521278333333333 0.6861334140625
7 0.5958296625 0.6922668484375001 0.7050304854166666 0.6952623703125 0.7162267395833334 0.561232534375 0.6053825041666666 0.5573018265624999 0.5958296625 0.6922668484375001
18 0.24682915625000001 0.5378043265625 0.35731898125 0.5409446703125 0.3719428666666667 0.41314205625 0.2634503083333333 0.4088689890625 0.24682915625000001 0.5378043265625
31 0.37054804166666666 0.541900690625 0.4779736979166667 0.54526128125 0.4896256583333333 0.418212075 0.38344109375 0.41402990937500006 0.37054804166666666 0.541900690625
26 0.4872061916666667 0.545639115625 0.5957001749999999 0.5498980359375001 0.6057948458333333 0.42104658125 0.5000569375 0.41818793593750003 0.4872061916666667 0.545639115625
41 0.6046785791666667 0.551354303125 0.7140468479166666 0.5541242328125 0.7252084208333333 0.42618525625 0.6190245062499999 0.4220031140625 0.6046785791666667 0.551354303125
17 0.26421027708333333 0.401331765625 0.37083287708333335 0.4069164734375 0.38816777708333333 0.28096106249999997 0.2795878 0.277555009375 0.26421027708333333 0.401331765625
1 0.3825132666666667 0.4059912265625 0.48997528958333336 0.40899762187500005 0.5002537520833333 0.28407021875 0.39504866875 0.281667546875 0.3825132666666667 0.4059912265625
20 0.4999856541666666 0.411706415625 0.6080160145833333 0.41625812656249994 0.61975475 0.28834188125 0.5100641833333334 0.2844566109375 0.4999856541666666 0.411706415625
0 0.6184532625 0.41473969843749997 0.7232063229166666 0.41731365 0.7335285208333333 0.29195249843750004 0.6305447104166666 0.290507278125 0.6184532625 0.41473969843749997