57 0.0040418375 0.5210496250000001 0.005033466666666667 0.6488844703125001 0.8819920479166666 0.750004928125 0.9460658354166667 0.3170355984375 0.055158889583333336 0.23706632968750002 0.0040418375 0.5210496250000001
13 0.29332964791666666 0.358665390625 0.303587975 0.2705143796875 0.11809694999999999 0.2529640921875 0.10288719583333333 0.3403099859375 0.29332964791666666 0.358665390625
39 0.27933179166666666 0.45956494843750006 0.2890311083333333 0.3693937359375 0.09962125833333334 0.35031839374999996 0.08447987916666667 0.4414403171875 0.27933179166666666 0.45956494843750006
9 0.25920115 0.56052918125 0.2718889333333333 0.468023915625 0.07956361458333333 0.45079808125 0.06637496875 0.54063298125 0.25920115 0.56052918125
22 0.24069315624999998 0.6623045921874999 0.25586542083333336 0.57069455625 0.06584719791666667 0.552707925 0.05019552916666667 0.6387006734375 0.24069315624999998 0.6623045921874999
40 0.4946716979166667 0.3800376515625 0.50954163125 0.2903648 0.31881059791666666 0.2706705375 0.30625554374999997 0.3599112265625 0.4946716979166667 0.3800376515625
34 0.4807745916666667 0.48029164375000005 0.4929584666666667 0.3910151765625 0.3021122 0.37065453125 0.2906351145833333 0.45999912031249995 0.4807745916666667 0.48029164375000005
5 0.46763871875 0.581274284375 0.47820002083333335 0.49118615156249995 0.28623582291666666 0.4713730328125 0.2704037229166667 0.56160891875 0.46763871875 0.581274284375
2 0.44933222708333337 0.6817585625 0.46268041875 0.59062799375 0.26871613333333333 0.5706221015625 0.25382055625 0.6622592953125 0.44933222708333337 0.6817585625
28 0.7044920229166666 0.3982944296875 0.7166758958333334 0.309017965625 0.52370939375 0.2896003109375 0.5106029229166666 0.379606828125 0.7044920229166666 0.3982944296875
15 0.6887708395833333 0.49902788906250006 0.7000933791666667 0.4096684046875 0.5089143645833334 0.391406196875 0.49498249375000003 0.47969472343749997 0.6887708395833333 0.49902788906250006
46 0.6701626687500001 0.6014494140625 0.68224506875 0.512818934375 0.4920906958333333 0.4921970921875 0.47743723541666666 0.580907646875 0.6701626687500001 0.6014494140625
48 0.6559632291666666 0.7036405890624999 0.6682478583333334 0.61371855625 0.4732370145833333 0.59197335625 0.4604509125 0.6841412578125 0.6559632291666666 0.7036405890624999
4 0.9164776333333333 0.41872622656249997 0.9284041875 0.3254923171875 0.7320927875 0.3072270140625 0.7191418895833334 0.399706428125 0.9164776333333333 0.41872622656249997
30 0.9030394354166666 0.5216460484375001 0.9142053958333333 0.42768355312499995 0.71609451875 0.4097359 0.7006338229166666 0.5014823234375 0.9030394354166666 0.5216460484375001
42 0.881643725 0.625109946875 0.8971183208333334 0.53156273125 0.69819280625 0.5104233828125 0.6854716458333333 0.6042359828125 0.881643725 0.625109946875
21 0.8663814458333333 0.7285092359374999 0.8806917270833333 0.63681611875 0.6831465083333333 0.6138434859374999 0.6702093687499999 0.707635271875 0.8663814458333333 0.7285092359374999