60 0.23009700416666667 0.7105175781249999 0.6884303395833334 0.714421875 0.6861979166666666 0.17602099531249998 0.24832617083333333 0.1703403328125 0.23009700416666667 0.7105175781249999
45 0.2553268229166667 0.323568846875 0.35239127708333334 0.32427832031250003 0.3547584645833333 0.21070410156250002 0.25745768125 0.2087182625 0.2553268229166667 0.323568846875
33 0.36280794375000003 0.3232138671875 0.4608190104166667 0.32605322187499997 0.46129231666666665 0.21105908125 0.36517513125 0.20960595781250002 0.36280794375000003 0.3232138671875
43 0.47218294375000003 0.3253432609375 0.5678268229166666 0.3281826171875 0.56830013125 0.212833984375 0.47170898333333333 0.21004980468749998 0.47218294375000003 0.3253432609375
12 0.577296225 0.327117675 0.67388736875 0.3278276359375 0.67388736875 0.2131884765625 0.5796640624999999 0.212833984375 0.577296225 0.327117675
7 0.2524856770833333 0.444338378125 0.3514440104166667 0.4454033203125 0.3528645833333333 0.3318286140625 0.25627343750000003 0.33078857500000003 0.2524856770833333 0.444338378125
53 0.36186067708333336 0.4464677734375 0.45750455624999997 0.4457578125 0.46129231666666665 0.333958496875 0.36280794375000003 0.331232421875 0.36186067708333336 0.4464677734375
18 0.4702890625 0.4478876953125 0.5659329416666666 0.4478876953125 0.56640625 0.33324853593750003 0.47170898333333333 0.3330078125 0.4702890625 0.4478876953125
31 0.5763496083333333 0.4482426765625 0.6724667979166666 0.44895214843750003 0.6743606770833334 0.33466796875 0.5770598958333333 0.3343393546875 0.5763496083333333 0.4482426765625
20 0.24775065208333333 0.5696733390625 0.34670898333333333 0.5718032234375 0.35049739583333334 0.45361474687500003 0.25153906249999997 0.45197070312500004 0.24775065208333333 0.5696733390625
0 0.3580729166666667 0.569318359375 0.45703125 0.5710932609375 0.45845182291666664 0.45432470625 0.36162435 0.45330273437499996 0.3580729166666667 0.569318359375
50 0.46839518333333335 0.569318359375 0.5640390624999999 0.5725126953124999 0.56451236875 0.45574414062499996 0.4681582020833333 0.4541904296875 0.46839518333333335 0.569318359375
35 0.5758756500000001 0.5714482421875 0.6734140624999999 0.5725126953124999 0.6719934895833333 0.45716406249999997 0.5752838541666667 0.45640966875 0.5758756500000001 0.5714482421875
37 0.24159570208333334 0.6978720703125 0.34292122291666666 0.6992919921875 0.34623567708333336 0.5779091796875 0.24822461041666666 0.5771997062499999 0.24159570208333334 0.6978720703125
24 0.3561790354166667 0.6978720703125 0.45277018333333335 0.7003564453125 0.45513736875 0.5782641609375 0.35748111875 0.5775922859375 0.3561790354166667 0.6978720703125
23 0.46602734375000004 0.6968076171875001 0.5626184895833333 0.6996469734375 0.5640390624999999 0.5782641609375 0.4663828125 0.578923828125 0.46602734375000004 0.6968076171875001
47 0.5763496083333333 0.6978720703125 0.67388736875 0.6996469734375 0.6715201812499999 0.5814584968750001 0.5741002604166667 0.578923828125 0.5763496083333333 0.6978720703125