57 0.12760416666666666 0.8259194328125 0.7803821604166666 0.84153564375 0.7335071604166666 0.0761069328125 0.16384570416666666 0.11083984375 0.12760416666666666 0.8259194328125
13 0.16579882916666666 0.3006376953125 0.2881946625 0.297384278125 0.2890625 0.1535830078125 0.16927083333333334 0.1588540046875 0.16579882916666666 0.3006376953125
39 0.30295117083333334 0.29282959062499997 0.4305553375 0.2902270515625 0.4296875 0.1425209953125 0.3038196625 0.1515297859375 0.30295117083333334 0.29282959062499997
9 0.4461803375 0.28892529375 0.5772571625 0.2843706046875 0.5746529958333333 0.13536376875 0.4427083333333333 0.1409506828125 0.4461803375 0.28892529375
22 0.5954863291666667 0.28502148437499997 0.7317708333333334 0.2811171875 0.7239583333333334 0.1282060546875 0.5881074208333333 0.13525390625 0.5954863291666667 0.28502148437499997
40 0.1553821625 0.4620522453125 0.28559049583333335 0.46140185625 0.28472200416666665 0.30389111406249997 0.16167512916666665 0.30859375 0.1553821625 0.4620522453125
34 0.30034700416666665 0.46014502031250004 0.4305553375 0.45558984375 0.4305553375 0.3013774421875 0.2994791666666667 0.30615234375 0.30034700416666665 0.46014502031250004
5 0.44704882916666666 0.45754199218749997 0.5833333333333334 0.4542885734375 0.5763886708333333 0.29747314375 0.44487825416666665 0.30126953125 0.44704882916666666 0.45754199218749997
2 0.6006946625 0.4523364265625 0.7404511729166666 0.4490830078125 0.7326386729166666 0.28836376874999997 0.5946178375 0.2939453125 0.6006946625 0.4523364265625
28 0.1414928375 0.63192578125 0.27777799583333335 0.6332275390625 0.28472200416666665 0.47120654218749997 0.15299479166666666 0.471354003125 0.1414928375 0.63192578125
15 0.2960071625 0.6325766609375 0.4296875 0.6306245125000001 0.4296875 0.467302246875 0.29839387916666665 0.4697265625 0.2960071625 0.6325766609375
46 0.44965299583333335 0.6325766609375 0.5868053375 0.6286723624999999 0.578125 0.46535058593749995 0.44487825416666665 0.46728515625 0.44965299583333335 0.6325766609375
48 0.6032988291666667 0.631275390625 0.7482636729166666 0.6306245125000001 0.7413196604166666 0.4607954109375 0.5967884125 0.464029784375 0.6032988291666667 0.631275390625
4 0.13888867083333334 0.809696778125 0.2734375 0.815552734375 0.27517382916666666 0.6444223640625 0.14322916666666666 0.6446938484375 0.13888867083333334 0.809696778125
30 0.29340299583333335 0.8168095703124999 0.4296875 0.8220151375 0.4270833333333333 0.6411245109375 0.2940540375 0.6438803703125 0.29340299583333335 0.8168095703124999
42 0.4479166666666667 0.8220151375 0.5954863291666667 0.823967284375 0.5868053375 0.641775390625 0.4444446625 0.641775390625 0.4479166666666667 0.8220151375
21 0.6041666666666666 0.8220151375 0.7595488270833334 0.8220151375 0.75347200625 0.646330078125 0.6022135416666666 0.64306640625 0.6041666666666666 0.8220151375