56 0.17578125 0.7762319328125 0.7268229166666667 0.8012182625 0.7372395833333333 0.14824560625 0.21875 0.1466796875 0.17578125 0.7762319328125
52 0.22473958333333333 0.32330078125 0.3341145833333333 0.3264243171875 0.34140625 0.192122559375 0.22916666666666666 0.192578125 0.22473958333333333 0.32330078125
40 0.3484003916666667 0.32465673906250003 0.4622395833333333 0.3285610359375 0.4674479166666667 0.1919169921875 0.3543528645833333 0.1905693359375 0.3484003916666667 0.32465673906250003
34 0.47414453125 0.32465673906250003 0.5894720041666666 0.326330078125 0.5939361979166667 0.192474609375 0.4799108083333333 0.1898715828125 0.47414453125 0.32465673906250003
5 0.6006321625000001 0.3268876953125 0.7196803395833334 0.3285610359375 0.7204238270833333 0.1952631828125 0.6063990874999999 0.1919643546875 0.6006321625000001 0.3268876953125
48 0.21521549583333333 0.46687841875 0.3260787770833333 0.4685512703125 0.33351953125 0.3358115234375 0.22135416666666666 0.33147314375 0.21521549583333333 0.46687841875
32 0.3424479166666667 0.4674360359375 0.45554296875 0.4735712890625 0.46075130208333337 0.336369140625 0.3469121083333333 0.334263184375 0.3424479166666667 0.4674360359375
4 0.46893619791666663 0.4724555671875 0.58351953125 0.4735712890625 0.5864954416666667 0.3374848625 0.4734003916666667 0.33635595625 0.46893619791666663 0.4724555671875
30 0.59765625 0.475244140625 0.7167037749999999 0.475244140625 0.7189361979166667 0.33804248124999997 0.6017486979166667 0.3377509765625 0.59765625 0.475244140625
12 0.20033463541666666 0.61475341875 0.31566211041666664 0.61642626875 0.3253346354166667 0.478109375 0.21298372291666665 0.475864746875 0.20033463541666666 0.61475341875
6 0.33128711041666664 0.6175419921875 0.44512630208333337 0.620330565625 0.4518229166666667 0.48145556562499997 0.3404016916666667 0.47865527343750003 0.33128711041666664 0.6175419921875
19 0.4614954416666667 0.61977295 0.5812871083333333 0.62479248125 0.5842636708333333 0.484244140625 0.466889975 0.4814453125 0.4614954416666667 0.61977295
11 0.5924479166666666 0.62479248125 0.7144720062500001 0.6275810546875 0.7167037749999999 0.487032715625 0.59616796875 0.48353808593750003 0.5924479166666666 0.62479248125
31 0.19140625 0.7654169921875 0.3067337229166667 0.7693208 0.31491796875 0.6287724609375 0.19810286458333334 0.62444189375 0.19140625 0.7654169921875
26 0.32087044374999996 0.7715517578125 0.4384303375 0.7776870109375 0.4458704416666667 0.6315615234374999 0.32645117083333336 0.6272319328125 0.32087044374999996 0.7715517578125
41 0.4525670583333333 0.77712890625 0.5731028645833334 0.781033203125 0.5797988291666667 0.6337924796875 0.45944921875 0.63141748125 0.4525670583333333 0.77712890625
10 0.5879837250000001 0.7826684562499999 0.7122395833333334 0.7876879875 0.7122395833333334 0.6387739265625 0.5924479166666666 0.63420751875 0.5879837250000001 0.7826684562499999