57 0.22309049375 0.7361245125 0.73003450625 0.7387275390625 0.734375 0.12230566406250001 0.22352408958333334 0.123046875 0.22309049375 0.7361245125
13 0.23886002708333332 0.30325 0.34765625 0.306720703125 0.34823502708333337 0.17311279375 0.23654492291666665 0.1737197265625 0.23886002708333332 0.30325
39 0.3621236979166667 0.30541894531249997 0.47265625 0.3088896484375 0.4714986979166667 0.1718115234375 0.35879622291666663 0.1710068359375 0.3621236979166667 0.30541894531249997
9 0.4824941395833333 0.30541894531249997 0.5936054687500001 0.306286621875 0.5924479166666666 0.1726791984375 0.4824941395833333 0.172091796875 0.4824941395833333 0.30541894531249997
22 0.6057578125 0.306286621875 0.7186054687500001 0.3049853515625 0.7186054687500001 0.173546875 0.6061920583333333 0.1710068359375 0.6057578125 0.306286621875
40 0.24175325625 0.44776171875 0.35170703125 0.44776171875 0.34765625 0.315021971875 0.23726822916666668 0.314778809375 0.24175325625 0.44776171875
34 0.3655963541666667 0.446923828125 0.47207747291666663 0.447357909375 0.4697630208333334 0.3163530265625 0.3616901041666667 0.31640625 0.3655963541666667 0.446923828125
5 0.4853880208333334 0.4477915046875 0.5912903645833333 0.4486591796875 0.5959199208333333 0.3167866203125 0.4824941395833333 0.3153212890625 0.4853880208333334 0.4477915046875
2 0.6034433583333333 0.4477915046875 0.7145546875 0.446490234375 0.7157115895833334 0.3163530265625 0.6069153645833333 0.31640625 0.6034433583333333 0.4477915046875
28 0.24117447916666668 0.5862299796875 0.35112825416666665 0.5857963875000001 0.3488138020833333 0.457828125 0.23943880208333335 0.456380371875 0.24117447916666668 0.5862299796875
15 0.36270247291666663 0.586663575 0.4714986979166667 0.586663575 0.47265625 0.45739404375000003 0.36313671875 0.45746533125 0.36270247291666663 0.586663575
46 0.4853880208333334 0.5849287109375 0.5918691416666667 0.5879653328125001 0.5936054687500001 0.457828125 0.48611132916666666 0.45746533125 0.4853880208333334 0.5849287109375
48 0.6057578125 0.5857963875000001 0.7151328125 0.5853623046875 0.7157115895833334 0.45696044843749994 0.6040221354166667 0.4569228515625 0.6057578125 0.5857963875000001
4 0.24175325625 0.7259697265625 0.35170703125 0.726837403125 0.3499713541666667 0.5958325203125 0.23871549375 0.59526904375 0.24175325625 0.7259697265625
30 0.36386002708333337 0.726403809375 0.47265625 0.7259697265625 0.47091992083333334 0.5953989265625 0.3602428375 0.5947265625 0.36386002708333337 0.726403809375
42 0.4830729166666667 0.7255361328125 0.5930266916666667 0.7246684578125 0.5907115875 0.5975678703125 0.4824941395833333 0.59526904375 0.4830729166666667 0.7255361328125
21 0.6057578125 0.7251020515625 0.7139759104166666 0.7259697265625 0.7128183583333333 0.5962666015625 0.6040221354166667 0.59418408125 0.6057578125 0.7251020515625