63 0.91124888125 0.3351090046875 0.051190683333333334 0.2639292703125 0.029626152083333336 0.47706401718749997 0.04329720208333333 0.697206215625 0.8674942625 0.7503299796875 0.91124888125 0.3351090046875
50 0.24092853541666667 0.6018135296875 0.03654381875 0.5884216015625 0.03654226666666667 0.5884328390625 0.04250015208333333 0.6843714828125 0.22681494166666666 0.69822494375 0.24092853541666667 0.6018135296875
35 0.25403241666666665 0.49815040312500003 0.04977838541666667 0.4834603515625 0.03545899166666667 0.5709890796875 0.03597093958333333 0.5792328859375 0.24018149791666668 0.591965653125 0.25403241666666665 0.49815040312500003
17 0.06474554791666667 0.3786126265625 0.049048991666666666 0.4747571671875 0.2559492625 0.48782397499999997 0.26787130833333334 0.3958416328125 0.06474554791666667 0.3786126265625
1 0.08018504375 0.277715421875 0.06421573124999999 0.3679627328125 0.2689218583333333 0.38545844218749997 0.28004325 0.2927705421875 0.08018504375 0.277715421875
23 0.25570425 0.6034352703125 0.241334725 0.6972165390625 0.4402415708333333 0.7095964390625 0.45389555833333334 0.6177275812499999 0.25570425 0.6034352703125
47 0.2696738270833333 0.499828375 0.25400643333333334 0.5935250953125 0.4552744270833333 0.6040994296875 0.4679970729166667 0.5128231343749999 0.2696738270833333 0.499828375
25 0.2817800770833333 0.39740656875 0.27017383958333335 0.48761247812499997 0.46711870208333334 0.504273340625 0.47997203541666666 0.41169892187499996 0.2817800770833333 0.39740656875
38 0.29308637291666667 0.2942787546875 0.2815166145833333 0.386283690625 0.48009064375 0.401907765625 0.49175001875 0.3125215890625 0.29308637291666667 0.2942787546875
22 0.46800195833333336 0.61734568125 0.45362983125 0.7111267796875 0.6556755458333333 0.72697833125 0.6662595604166667 0.6309892359375 0.46800195833333336 0.61734568125
52 0.48010825625000003 0.5149233843750001 0.46855034791666667 0.6067659437499999 0.6648432104166666 0.6191377203124999 0.6731036916666666 0.5288757390625001 0.48010825625000003 0.5149233843750001
14 0.49301516041666665 0.4132071375 0.4800573083333333 0.50381443125 0.67588623125 0.5186055406250001 0.6850130083333333 0.428400321875 0.49301516041666665 0.4132071375
13 0.5039931875 0.3133238 0.4934840583333333 0.403438934375 0.6834659708333334 0.4178469296875 0.6935897333333333 0.3264003453125 0.5039931875 0.3133238
46 0.6775050979166667 0.6330327687499999 0.6672494020833334 0.7257769015625 0.8547080125 0.73414020625 0.8655667333333333 0.6440484671875 0.6775050979166667 0.6330327687499999
48 0.6896770416666667 0.529961675 0.6783510770833333 0.6237792171875001 0.86581668125 0.6329592296875 0.8730145333333332 0.54458740625 0.6896770416666667 0.529961675
2 0.69725618125 0.4292025328125 0.69002216875 0.51920546875 0.8766633208333333 0.5343744609375001 0.8884540291666667 0.4436902 0.69725618125 0.4292025328125
16 0.70923114375 0.3280783203125 0.6990340979166666 0.4193569484375 0.8876413500000001 0.434491121875 0.8958361854166667 0.3448779375 0.70923114375 0.3280783203125