58 0.24200130208333331 0.756213378125 0.6876861979166667 0.7556557625 0.6884303395833334 0.2133505859375 0.23716536458333334 0.212192871875 0.24200130208333331 0.756213378125
36 0.25159114583333336 0.37334375 0.34939257916666666 0.37334375 0.34823502708333337 0.2557861328125 0.24884244791666665 0.255099609375 0.25159114583333336 0.37334375
8 0.3609661458333333 0.37334375 0.4581888020833333 0.3742109375 0.4547161458333333 0.2553525390625 0.3573496104166667 0.2540146484375 0.3609661458333333 0.37334375
29 0.4697630208333334 0.37334375 0.56640625 0.37377734375 0.56640625 0.25318359375 0.46947330625 0.254557128125 0.4697630208333334 0.37334375
45 0.5779804687500001 0.3716083984375 0.67578125 0.37334375 0.6746236979166667 0.25318359375 0.5765338541666666 0.2534721671875 0.5779804687500001 0.3716083984375
44 0.25274869791666665 0.49746679687500006 0.35170703125 0.496165528125 0.3499713541666667 0.3816450203125 0.2510130208333333 0.381510253125 0.25274869791666665 0.49746679687500006
3 0.3603880208333334 0.49659960937500003 0.45761002708333337 0.49746679687500006 0.4581888020833333 0.3799096671875 0.3616901041666667 0.3804252921875 0.3603880208333334 0.49659960937500003
49 0.4714986979166667 0.497033203125 0.5669850249999999 0.49876855468750003 0.5635130208333333 0.3816450203125 0.46875 0.3809677734375 0.4714986979166667 0.497033203125
19 0.5785592458333333 0.49659960937500003 0.6740449229166666 0.49659960937500003 0.6717304687500001 0.379476075 0.5772571625 0.3798828125 0.5785592458333333 0.49659960937500003
40 0.25159114583333336 0.6220244140625 0.3505494791666666 0.62072265625 0.3505494791666666 0.504466796875 0.2510130208333333 0.5052084953125 0.25159114583333336 0.6220244140625
34 0.36501757916666666 0.6211567375 0.4599244791666666 0.61985546875 0.45761002708333337 0.5049008796875001 0.36313671875 0.504123046875 0.36501757916666666 0.6211567375
5 0.47091992083333334 0.6215903328125 0.5675638020833333 0.62072265625 0.5669850249999999 0.505334471875 0.47019661458333334 0.5052084953125 0.47091992083333334 0.6215903328125
53 0.5791380208333333 0.6215903328125 0.6769388020833333 0.6211567375 0.6728880208333333 0.503599121875 0.5779804687500001 0.504123046875 0.5791380208333333 0.6215903328125
32 0.25622135416666664 0.7457436515625 0.3499713541666667 0.7453095703125 0.3499713541666667 0.6299213859374999 0.24956575625 0.6305336921875 0.25622135416666664 0.7457436515625
4 0.35980924583333335 0.747478515625 0.46108203125 0.746610840625 0.4599244791666666 0.628186034375 0.3609661458333333 0.62836376875 0.35980924583333335 0.747478515625
30 0.4703411458333333 0.7453095703125 0.5681425791666667 0.7453095703125 0.5687213541666666 0.6290537109375001 0.47091992083333334 0.6286201171875 0.4703411458333333 0.7453095703125
10 0.5814524750000001 0.7444418953125 0.6780963541666666 0.7448759765624999 0.6746236979166667 0.6290537109375001 0.5772571625 0.6278212890625 0.5814524750000001 0.7444418953125