63 0.17722225208333334 0.2803011265625 0.14969753958333334 0.60150065 0.8406590541666666 0.630962871875 0.8787804958333333 0.2958051515625 0.17722225208333334 0.2803011265625
50 0.22492962083333332 0.291293440625 0.22131130833333332 0.36037010937499997 0.36667704375 0.3655060734375 0.3737597729166667 0.2965051640625 0.22492962083333332 0.291293440625
35 0.218010125 0.3700840703125 0.21520368124999997 0.43917799999999996 0.36321852083333334 0.4437196484375 0.36765210625000005 0.375313546875 0.218010125 0.3700840703125
17 0.21195296249999998 0.448240821875 0.20889412291666665 0.5205914468749999 0.35706042916666664 0.523178684375 0.3599132375 0.45278078437499997 0.21195296249999998 0.448240821875
1 0.20697932291666668 0.526421265625 0.20150857708333333 0.5934997046875 0.347639125 0.5999573796875 0.35543685416666665 0.53292933125 0.20697932291666668 0.526421265625
23 0.38548046874999997 0.295456965625 0.38236918124999997 0.36454423281250004 0.530181475 0.371690928125 0.53491856875 0.299377 0.38548046874999997 0.295456965625
47 0.3773193645833333 0.37275203437500004 0.37356195208333337 0.44459807656250006 0.5216272895833334 0.448488090625 0.5251944479166667 0.38006304062499996 0.3773193645833333 0.37275203437500004
25 0.3702064854166667 0.4533322390625 0.36533685416666667 0.52344138125 0.5120012583333333 0.5286057453125 0.5187520229166667 0.4582930828125 0.3702064854166667 0.4533322390625
38 0.3642439666666667 0.5302677890624999 0.3579803729166667 0.6015697203125 0.5060198083333334 0.6057855375 0.5126948583333334 0.5364498328125 0.3642439666666667 0.5302677890624999
22 0.5449115083333333 0.2993508640625 0.53790953125 0.3706366484375 0.69194700625 0.373026396875 0.6982377229166666 0.300257134375 0.5449115083333333 0.2993508640625
52 0.5363222604166666 0.3786755140625 0.5310509541666667 0.45073310468749994 0.68176474375 0.4540287875 0.6893547812499999 0.3812879390625 0.5363222604166666 0.3786755140625
14 0.5300284875 0.4598852625 0.5224708687499999 0.5278560718749999 0.674219625 0.5345995390625 0.6810075979166667 0.46379838125 0.5300284875 0.4598852625
13 0.5223936854166666 0.5373958796875 0.5175994541666666 0.607506675 0.6654502541666666 0.614164903125 0.672963925 0.542401 0.5223936854166666 0.5373958796875
46 0.7108940874999999 0.299922259375 0.7030792833333332 0.37326982656249996 0.8582274395833333 0.3781303984375 0.8646689354166667 0.3034072046875 0.7108940874999999 0.299922259375
48 0.7004432729166666 0.3822643734375 0.6928598166666667 0.4547607125 0.84999448125 0.459175415625 0.8557109270833333 0.38541498281250003 0.7004432729166666 0.3822643734375
2 0.69175938125 0.46281022343749995 0.6848154916666667 0.5333633171875001 0.8391622354166667 0.5401635953125 0.8460265708333333 0.4683854921875 0.69175938125 0.46281022343749995
16 0.6839826145833333 0.542152640625 0.6779575666666666 0.6134597875 0.8323043083333334 0.6202600640625 0.8372193416666666 0.5484393375 0.6839826145833333 0.542152640625