58 0.18411458333333333 0.7665620125 0.7466145833333333 0.7946718749999999 0.75703125 0.1003598625 0.21354166666666666 0.11640625 0.18411458333333333 0.7665620125
36 0.2177734375 0.301135253125 0.3343098958333333 0.30259960937499997 0.3375651041666667 0.159123046875 0.22379557291666666 0.1624755859375 0.2177734375 0.301135253125
8 0.3460286458333333 0.30211132812499997 0.4638671875 0.301135253125 0.4677734375 0.158146971875 0.3499348958333333 0.16064453125 0.3460286458333333 0.30211132812499997
29 0.4775390625 0.2991831046875 0.6018880208333334 0.2991831046875 0.6051432291666666 0.152778809375 0.4833984375 0.15576171875 0.4775390625 0.2991831046875
45 0.6136067708333334 0.2986953125 0.7412109375 0.29820703125 0.7425130208333334 0.151802734375 0.6201171875 0.15087890625 0.6136067708333334 0.2986953125
44 0.2158203125 0.45154394531250003 0.3297526041666667 0.4539838875 0.3336588541666667 0.3124594734375 0.21728515625 0.3101806640625 0.2158203125 0.45154394531250003
3 0.3408203125 0.45252002031250005 0.4612630208333333 0.45593603437499997 0.4651692708333333 0.31001953125 0.3450520833333333 0.3114013671875 0.3408203125 0.45252002031250005
49 0.4729817708333333 0.456912109375 0.5966796875 0.4613042 0.6005859375 0.3085556640625 0.4768880208333333 0.3101806640625 0.4729817708333333 0.456912109375
19 0.6103515625 0.4573999015625 0.7366536458333334 0.456423828125 0.7405598958333334 0.3090434578125 0.6144205729166666 0.3101806640625 0.6103515625 0.4573999015625
40 0.20279947916666666 0.6028618171875 0.3219401041666667 0.6053017578125 0.3297526041666667 0.464265625 0.21321614583333334 0.4609375 0.20279947916666666 0.6028618171875
34 0.3323567708333333 0.6077416984374999 0.4527994791666667 0.6092060546875 0.4586588541666667 0.4662177734375 0.33935546875 0.46337890625 0.3323567708333333 0.6077416984374999
5 0.4645182291666667 0.610669921875 0.5914713541666666 0.6160380859375 0.5947265625 0.468657715625 0.4736328125 0.4639892578125 0.4645182291666667 0.610669921875
53 0.6018880208333334 0.61457421875 0.7320963541666666 0.6199423828125 0.7333984375 0.46914550781250003 0.60791015625 0.46826171875 0.6018880208333334 0.61457421875
32 0.19759114583333334 0.7542128906250001 0.3154296875 0.7615332031250001 0.3180338541666667 0.618544921875 0.2001953125 0.613525390625 0.19759114583333334 0.7542128906250001
4 0.3284505208333333 0.7615332031250001 0.4488932291666667 0.7678774421875 0.4534505208333333 0.6200087890625 0.3304036458333333 0.6177978515625 0.3284505208333333 0.7615332031250001
30 0.4606119791666667 0.768853515625 0.5862630208333334 0.7732456046875 0.5914713541666666 0.6239130859375 0.46630859375 0.6202392578125 0.4606119791666667 0.768853515625
10 0.6018880208333334 0.7737333984375 0.7301432291666666 0.7815415031249999 0.7327473958333334 0.6307451171875 0.6051432291666666 0.624400878125 0.6018880208333334 0.7737333984375