63 0.13725774791666667 0.766819803125 0.6918001500000001 0.7972016296875 0.7709928270833333 0.115021496875 0.19475900416666667 0.0787064375 0.13725774791666667 0.766819803125
50 0.19181908541666667 0.2862755625 0.32067191666666667 0.2962939140625 0.33377149375 0.1430130828125 0.20746311666666667 0.1337802609375 0.19181908541666667 0.2862755625
35 0.3337826020833334 0.2956766515625 0.4591684145833333 0.3055132078125 0.4740015395833333 0.1523227875 0.34611777083333334 0.14114894375 0.3337826020833334 0.2956766515625
17 0.4729789979166667 0.30688995937499997 0.5958765354166666 0.315291334375 0.6141205437499999 0.162931871875 0.48558666250000004 0.1517254078125 0.4729789979166667 0.30688995937499997
1 0.6097426416666667 0.316018396875 0.7335621250000001 0.3238155109375 0.7489841458333333 0.17391799218749998 0.6283054333333333 0.16247276875 0.6097426416666667 0.316018396875
23 0.1816231875 0.446322284375 0.30440971666666666 0.45602255156249993 0.31885361041666666 0.30737894374999997 0.19350103333333332 0.29715345000000004 0.1816231875 0.446322284375
47 0.32260926666666667 0.4569768328125 0.44458420000000004 0.46598243124999994 0.4572952791666667 0.3172474765625 0.3320252333333333 0.3060486328125 0.32260926666666667 0.4569768328125
25 0.455961375 0.46527427499999996 0.57966985625 0.47437028437500006 0.5941137916666667 0.325726190625 0.4735917375 0.31755120312499996 0.455961375 0.46527427499999996
38 0.5927250604166667 0.47440222343749994 0.7121555791666666 0.482621809375 0.7318548708333333 0.33360116562500003 0.6089354083333334 0.3254639890625 0.5927250604166667 0.47440222343749994
22 0.1634616 0.6079086421875 0.29166936250000003 0.6152837421874999 0.30524686666666667 0.46659421874999996 0.17989446041666665 0.45636677499999995 0.1634616 0.6079086421875
52 0.30743550416666665 0.6141531203125 0.42795450208333335 0.6198198640625 0.44206603541666667 0.4750729640625 0.31936331041666666 0.46694372812499996 0.30743550416666665 0.6141531203125
14 0.4417102583333333 0.6218458499999999 0.5621737333333333 0.628162284375 0.5779625958333334 0.4841559375 0.45687403125 0.4749701421875 0.4417102583333333 0.6218458499999999
13 0.5762063249999999 0.6269412546875001 0.69834783125 0.6339977859375 0.7113708791666667 0.491803725 0.5909953479166667 0.48445058124999996 0.5762063249999999 0.6269412546875001
46 0.15854274583333333 0.7571412796875 0.27889521875 0.7647566046875001 0.28920667708333336 0.6237250734375 0.1653323625 0.6165771953125 0.15854274583333333 0.7571412796875
48 0.2936839291666667 0.76487944375 0.411658475 0.7697606578125 0.42689227291666665 0.6322492515625 0.30156212083333334 0.6243053656249999 0.2936839291666667 0.76487944375
2 0.4253580520833333 0.7724363000000001 0.54652208125 0.7807467781249999 0.5613890354166667 0.6373442015624999 0.4412392354166667 0.6324453734375 0.4253580520833333 0.7724363000000001
16 0.5587663375 0.7800840890625 0.67841890625 0.7857054031249999 0.69647469375 0.6457320531249999 0.57455538125 0.6386196109375 0.5587663375 0.7800840890625