59 0.8525857708333333 0.6776801531250001 0.85494083125 0.3778878015625 0.20782761041666667 0.3897315515625 0.21537024375 0.6899100375 0.8525857708333333 0.6776801531250001
33 0.8009545458333334 0.6697636359375 0.80090455 0.6041382046875 0.66257545625 0.6065507328125 0.6640160374999999 0.6701093328125001 0.8009545458333334 0.6697636359375
43 0.80216996875 0.597367125 0.80129514375 0.5323778406249999 0.6615501270833334 0.5355257171875001 0.6639328145833333 0.5983572296874999 0.80216996875 0.597367125
12 0.8022074291666667 0.52587910625 0.80215954375 0.4606092109375 0.6609848166666666 0.462716284375 0.6624281583333332 0.5266299171875 0.8022074291666667 0.52587910625
6 0.8016388541666667 0.45457944531249994 0.8039598916666667 0.3874034375 0.6623306541666667 0.3920049953125 0.66094069375 0.457033290625 0.8016388541666667 0.45457944531249994
11 0.6545994020833333 0.6709842171875 0.6534987729166667 0.6052882171875 0.5151017437500001 0.6073468453124999 0.5189196604166667 0.6719297203125 0.6545994020833333 0.6709842171875
51 0.65521895 0.598154121875 0.6543117875 0.5352963843749999 0.5159627395833334 0.5352231953125 0.5178943291666667 0.6009042140624999 0.65521895 0.598154121875
27 0.6552701979166666 0.5284417640625 0.6542313270833334 0.4638998046875 0.5140097375 0.4667004203125 0.51638966875 0.5291769015625001 0.6552701979166666 0.5284417640625
7 0.6541296979166666 0.4578627296875 0.65273218125 0.3928825640625 0.5153500562500001 0.39527857499999997 0.5158602125 0.46098487343750005 0.6541296979166666 0.4578627296875
18 0.5088476770833333 0.6735262 0.5079251729166666 0.6067613546875 0.3724465708333333 0.61018990625 0.3729429375 0.674120053125 0.5088476770833333 0.6735262
31 0.5100596562499999 0.600685771875 0.5092854479166667 0.537825715625 0.37284543333333336 0.53949513125 0.37429980416666664 0.6048293921875 0.5100596562499999 0.600685771875
26 0.5077342979166667 0.5301269125 0.50684419375 0.46753555625 0.3727698333333333 0.46880863125000005 0.3727902791666667 0.532391509375 0.5077342979166667 0.5301269125
41 0.5086760208333333 0.4593337796875 0.5067471875 0.39400779375 0.37220452708333335 0.3959992015625 0.3712883833333333 0.4610197203125 0.5086760208333333 0.4593337796875
17 0.3642808104166667 0.676047515625 0.3633809145833334 0.6103480140624999 0.22647812083333332 0.6134463218749999 0.22696345833333334 0.6759558453125 0.3642808104166667 0.676047515625
1 0.3654996833333334 0.60409491875 0.3642474270833333 0.53893443125 0.22686871458333335 0.5416859546875 0.22782996666666666 0.6045422578124999 0.3654996833333334 0.60409491875
20 0.36258124583333334 0.5335464046875 0.36322826041666667 0.468619471875 0.22726692083333333 0.47099070468750004 0.22774122708333333 0.5320795984375 0.36258124583333334 0.5335464046875
0 0.36498218125000004 0.46112970468750003 0.36220293124999997 0.397594453125 0.22432769375 0.397512509375 0.22625928125 0.46319352968749994 0.36498218125000004 0.46112970468750003