57 0.809052625 0.2503115953125 0.26974456041666667 0.23379672187499997 0.21550896875 0.8950818593750001 0.75457933125 0.9029517125 0.809052625 0.2503115953125
13 0.7601993 0.7130558328125 0.6425570229166666 0.710431809375 0.6334269625 0.850554296875 0.74968549375 0.8540502828125 0.7601993 0.7130558328125
39 0.63017199375 0.710541534375 0.51123080625 0.707877734375 0.4999708125 0.8498919140625001 0.6189257541666666 0.8506579562500001 0.63017199375 0.710541534375
9 0.49750145208333335 0.7084357671875 0.37930050416666666 0.704816178125 0.3673910541666666 0.8468104703125 0.48695681875 0.8515114953125 0.49750145208333335 0.7084357671875
22 0.36561651874999995 0.704886615625 0.24644839583333333 0.7046617656249999 0.2367596625 0.8437886890625 0.35631061458333335 0.8468989609375001 0.36561651874999995 0.704886615625
40 0.7722340166666667 0.5627154484375 0.65166218125 0.55657735625 0.6439812020833333 0.7021254921875 0.7603463666666667 0.7044754609375 0.7722340166666667 0.5627154484375
34 0.6384007604166667 0.5591061453124999 0.5221481791666667 0.55554621875 0.5142716166666667 0.696196565625 0.62964780625 0.702175553125 0.6384007604166667 0.5591061453124999
5 0.5103671916666667 0.5561639140625 0.39402382708333333 0.5535796671875 0.37960733750000003 0.6945187296875 0.4980718333333333 0.6970558421875 0.5103671916666667 0.5561639140625
2 0.37588752291666666 0.552502021875 0.2595895729166667 0.5494296921874999 0.24689451458333334 0.69286736875 0.36644350625000005 0.694248759375 0.37588752291666666 0.552502021875
28 0.7843657395833333 0.41133251875 0.6648204645833334 0.4081612359375 0.6543460791666666 0.5487320296875 0.77280118125 0.55312004375 0.7843657395833333 0.41133251875
15 0.6496560458333334 0.410142765625 0.5340982895833334 0.4061151328125 0.52366931875 0.54619784375 0.6400580520833333 0.548294496875 0.6496560458333334 0.410142765625
46 0.5203689354166666 0.406673165625 0.40286285624999996 0.40258538125000004 0.39178442916666667 0.54264820625 0.51052665 0.5457004265625 0.5203689354166666 0.406673165625
48 0.39025084791666664 0.40513454375 0.27204989791666667 0.4015149546875 0.26305599166666666 0.5401741703125 0.37802973333333334 0.5434785875 0.39025084791666664 0.40513454375
4 0.7931593541666667 0.260826315625 0.6762573166666667 0.2572465015625 0.6670364729166667 0.3983446671875 0.7851992291666666 0.4023747328125 0.7931593541666667 0.260826315625
30 0.6632228333333334 0.2573363390625 0.5468794687499999 0.2547520921875 0.5356194750000001 0.39676626875 0.65362766875 0.3989575453125 0.6632228333333334 0.2573363390625
42 0.5351438500000001 0.2548821921875 0.4143450791666667 0.2511830515625 0.40628699375 0.3937842640625 0.52275439375 0.39678542656250004 0.5351438500000001 0.2548821921875
21 0.40270028958333337 0.2503369875 0.2819923 0.24566216875000002 0.27319393124999997 0.389219659375 0.3926929375 0.394638165625 0.40270028958333337 0.2503369875