55 0.8980073062499999 0.6467957609375 0.9072388687499999 0.3192620921875 0.17472396666666665 0.3101729421875 0.20194739166666667 0.6436442453125 0.8980073062499999 0.6467957609375
20 0.8469604229166666 0.40277655625 0.84908586875 0.32811909375 0.6944469041666667 0.32619742343749997 0.6926186958333334 0.40207901250000005 0.8469604229166666 0.40277655625
0 0.8470173708333333 0.48258351718750003 0.8473925416666667 0.41035381875 0.69288379375 0.408921896875 0.6935683874999999 0.48254558437500006 0.8470173708333333 0.48258351718750003
42 0.8457362104166666 0.56140205 0.8472630416666667 0.49097366718749996 0.6938713604166666 0.490366025 0.6940467916666667 0.5620308140625 0.8457362104166666 0.56140205
21 0.8430783854166666 0.6382536140624999 0.84597044375 0.569547303125 0.6939415875 0.57049900625 0.6939655333333333 0.6382535765624999 0.8430783854166666 0.6382536140624999
37 0.6829399645833334 0.4006917875 0.68261134375 0.327071209375 0.5274922041666666 0.326692778125 0.5303577979166667 0.400660940625 0.6829399645833334 0.4006917875
24 0.6839275062500001 0.48213542499999995 0.6836456 0.4097372765625 0.5306734 0.4088073953125 0.5330172229166666 0.4804911359375 0.6839275062500001 0.48213542499999995
51 0.6847894791666668 0.5603208765625001 0.6845213875 0.4883298625 0.5325031875 0.4896070734375 0.5347712708333333 0.5593357046875 0.6847894791666668 0.5603208765625001
27 0.6860716041666667 0.6381845890625 0.68434455 0.5677277671875001 0.5346534520833334 0.5674783718749999 0.53517393125 0.6368658234375 0.6860716041666667 0.6381845890625
39 0.5193655333333334 0.39893632968750004 0.5171894666666667 0.3252184984375 0.3603860208333333 0.3232779109375 0.36460301874999995 0.3985610140625 0.5193655333333334 0.39893632968750004
9 0.5216666125 0.4807173515625 0.5204243083333333 0.4087178234375 0.365773475 0.40638903437499996 0.36900937291666663 0.47873189062500004 0.5216666125 0.4807173515625
17 0.5242502916666667 0.5585924375 0.52404410625 0.488148909375 0.36979626666666665 0.48785968906250005 0.37256087499999996 0.559221203125 0.5242502916666667 0.5585924375
1 0.5269438083333333 0.63549076875 0.5243237854166667 0.5667362859375 0.37347088125 0.567698265625 0.37567517916666665 0.63579730625 0.5269438083333333 0.63549076875
28 0.35434754583333333 0.3994486109375 0.34953542083333333 0.321717246875 0.18998768958333334 0.319182953125 0.19815788333333334 0.3958032453125 0.35434754583333333 0.3994486109375
15 0.3595702333333334 0.4783234921875 0.35554517916666667 0.40686985625 0.19851135416666665 0.40492725468749996 0.20349420624999998 0.4776112828125 0.3595702333333334 0.4783234921875
25 0.36393872083333334 0.5575168140625 0.36192345416666666 0.4875465796875 0.20337636874999998 0.48575345781249996 0.21045186666666668 0.556501328125 0.36393872083333334 0.5575168140625
38 0.3691115770833333 0.6350886234375 0.3638525270833333 0.5653338531250001 0.21039716458333332 0.566273090625 0.21316177291666666 0.637634603125 0.3691115770833333 0.6350886234375