57 0 0.7550025203125 0.00006649375 0.759290103125 0.9349916270833333 0.7941013171875 0.9482168104166667 0.304525546875 0 0.3289371765625 0 0.7550025203125
13 0.03670992916666667 0.6651383937500001 0.0451314 0.7550754390625001 0.2342071208333333 0.75933075625 0.22844531875 0.6674633765625 0.03670992916666667 0.6651383937500001
39 0.020325091666666666 0.5595033843749999 0.03380073125 0.6540426874999999 0.2222010125 0.65633904375 0.21724640208333332 0.5605716015625 0.020325091666666666 0.5595033843749999
9 0.009095866666666667 0.45065730000000004 0.018079945833333333 0.5497160078125 0.21532901041666666 0.5488335328125 0.20773126041666667 0.450437946875 0.009095866666666667 0.45065730000000004
22 0 0.358854565625 0.008792841666666667 0.4405616140625 0.20838695 0.43676878906249994 0.20159575208333333 0.334473625 0 0.338511415625 0 0.358854565625
40 0.23716106666666667 0.6701445374999999 0.24486263541666667 0.762517240625 0.4495367979166666 0.7690249296875 0.44715462083333335 0.6713263921875 0.23716106666666667 0.6701445374999999
34 0.23211283541666666 0.5607013953125 0.24000417916666666 0.6590990531250001 0.4453072270833333 0.6602404468749999 0.43771893333333334 0.56249645625 0.23211283541666666 0.5607013953125
5 0.22521053125 0.4512420625 0.23180230833333332 0.54995413125 0.44012975625 0.5501446624999999 0.43420635 0.4478570765625 0.22521053125 0.4512420625
2 0.21124727291666667 0.33390686718749996 0.22029488958333332 0.43752426250000004 0.43140161250000003 0.434808728125 0.42543780833333333 0.3299162109375 0.21124727291666667 0.33390686718749996
28 0.46023697916666667 0.6720921203125 0.46196628958333336 0.77092436875 0.67618495625 0.7814229890625 0.6763348041666667 0.679187934375 0.46023697916666667 0.6720921203125
15 0.453344775 0.5632839 0.45810469375 0.6618173421875 0.6752549041666666 0.6655036234375 0.6710967395833334 0.5651850015625 0.453344775 0.5632839
46 0.4490155520833333 0.45189347812499997 0.4531452354166667 0.551886584375 0.6734671645833333 0.5502282796875 0.6666658666666667 0.44728200781250005 0.4490155520833333 0.45189347812499997
48 0.44104344791666666 0.3294009484375 0.44703741666666663 0.4378755703125 0.6699444854166666 0.4349377921875 0.6673899583333333 0.3261679296875 0.44104344791666666 0.3294009484375
4 0.6912907791666666 0.6812720624999999 0.6931879770833334 0.7802689 0.9132312166666666 0.7854460953125 0.9194732250000001 0.6845667625 0.6912907791666666 0.6812720624999999
30 0.6851263270833333 0.5672610421875001 0.6903484791666668 0.6671005625 0.9209166124999999 0.6696019468750001 0.9262712833333333 0.5674128265625 0.6851263270833333 0.5672610421875001
42 0.6841356833333333 0.44743452968749997 0.6857921145833333 0.5542429953125 0.9260591791666666 0.5537360890625 0.9269448666666666 0.44304222031249996 0.6841356833333333 0.44743452968749997
21 0.6882690479166667 0.32244310781249996 0.6856776687499999 0.43588929531250004 0.9242411374999999 0.436506928125 0.9224331958333334 0.3199288796875 0.6882690479166667 0.32244310781249996