54 0.107421875 0.8804067375000001 0.775390625 0.8804067375000001 0.7506510416666666 0.10348779374999999 0.12565104166666666 0.0947036125 0.107421875 0.8804067375000001
14 0.13541666666666666 0.3169052734375 0.2760416666666667 0.3175556640625 0.27777799583333335 0.152932128125 0.13888867083333334 0.15234375 0.13541666666666666 0.3169052734375
13 0.2916666666666667 0.315603515625 0.43402799583333335 0.3182065421875 0.4366321625 0.1542333984375 0.29296875 0.1531577140625 0.2916666666666667 0.315603515625
39 0.4479166666666667 0.31625439375000003 0.5876738291666667 0.31950781250000004 0.5850696625 0.15488427656249998 0.4481334625 0.1539711921875 0.4479166666666667 0.31625439375000003
9 0.6067708333333334 0.3175556640625 0.7421875 0.31950781250000004 0.7395833333333334 0.15683642656250002 0.6022135416666666 0.1555991203125 0.6067708333333334 0.3175556640625
2 0.1336803375 0.4972338875 0.2734375 0.49658349687500003 0.2760416666666667 0.32870605468749997 0.13346354166666666 0.328125 0.1336803375 0.4972338875
16 0.2890625 0.497884765625 0.4322916666666667 0.49853515625 0.43402799583333335 0.330658203125 0.29296875 0.328125 0.2890625 0.497884765625
28 0.44965299583333335 0.49658349687500003 0.5902779958333333 0.4972338875 0.5885416666666666 0.330658203125 0.44965299583333335 0.3300078125 0.44965299583333335 0.49658349687500003
15 0.6067708333333334 0.494631346875 0.7482636729166666 0.49528173750000004 0.7430553395833334 0.33130908125 0.60546875 0.329752440625 0.6067708333333334 0.494631346875
42 0.12673632916666666 0.683330078125 0.2708333333333333 0.683330078125 0.2734375 0.5089462890625 0.12912304583333334 0.5104165046875 0.12673632916666666 0.683330078125
21 0.2864583333333333 0.682028809375 0.43142382916666666 0.683330078125 0.4322916666666667 0.5089462890625 0.28862825416666665 0.5079750984375 0.2864583333333333 0.682028809375
45 0.44704882916666666 0.6807275390624999 0.5946178375 0.683330078125 0.59375 0.5082958984375 0.44704882916666666 0.5087890625 0.44704882916666666 0.6807275390624999
33 0.6119791666666666 0.6800766609375 0.75434049375 0.6826796875000001 0.74652799375 0.50764501875 0.60546875 0.5087890625 0.6119791666666666 0.6800766609375
51 0.12239583333333333 0.8695151375 0.2682291666666667 0.8714672859375 0.26909700416666665 0.6944809578125 0.12478320416666668 0.6935219734375 0.12239583333333333 0.8695151375
27 0.28298632916666666 0.8714672859375 0.43142382916666666 0.8734194328125 0.43142382916666666 0.6931792 0.2842884125 0.6935219734375 0.28298632916666666 0.8714672859375
7 0.44704882916666666 0.8708168953125 0.5963541666666666 0.8695151375 0.5954863291666667 0.693830078125 0.4481334625 0.6927084953125 0.44704882916666666 0.8708168953125
53 0.6128470041666667 0.8682138671875 0.7578125 0.86626171875 0.7508678395833334 0.6925288078125 0.6098092458333333 0.6927084953125 0.6128470041666667 0.8682138671875