59 0.03136074375 0.277246696875 0.04400459583333333 0.7692988859375001 0.9832809833333334 0.7227372078125 0.9884394541666667 0.5010907921875 0.9884394541666667 0.28398555000000003 0.03136074375 0.277246696875
33 0.9586732020833334 0.7126321531250001 0.9591778354166667 0.6167898453125 0.7613391083333333 0.6218640140625 0.76357056875 0.7234018875 0.9586732020833334 0.7126321531250001
43 0.9577427229166666 0.60592108125 0.9576906291666667 0.5074333734375001 0.75985190625 0.511949465625 0.7628269666666667 0.6112490312500001 0.9577427229166666 0.60592108125
12 0.9614633416666667 0.4984721953125 0.9554591708333333 0.40031521562499994 0.7598519041666666 0.4003481984375 0.7591083020833334 0.49967972187500004 0.9614633416666667 0.4984721953125
6 0.9577427229166666 0.3917859578125 0.9554591708333333 0.2915038453125 0.7546453833333333 0.290466103125 0.7591083041666666 0.3897521984375 0.9577427229166666 0.3917859578125
11 0.7512379625 0.722811775 0.747106475 0.6236624281250001 0.5381111020833333 0.6271597140625 0.5410861645833334 0.731480996875 0.7512379625 0.722811775
51 0.7493776520833334 0.6119244562499999 0.7463628708333334 0.511509084375 0.5343924375 0.5161489687499999 0.53959895625 0.617660884375 0.7493776520833334 0.6119244562499999
27 0.7447265541666667 0.5024559515625 0.7440806208333334 0.401601475 0.5328544395833333 0.40456063281250004 0.5388045645833334 0.50494990625 0.7447265541666667 0.5024559515625
7 0.7419364145833334 0.390878540625 0.7425934166666667 0.29336115625 0.5328544395833333 0.2901689796875 0.5343416479166667 0.392271425 0.7419364145833334 0.390878540625
18 0.52798976875 0.7310376765625 0.5230840729166667 0.628965059375 0.3044199083333333 0.63589468125 0.30665136875 0.7446870671875 0.52798976875 0.7310376765625
31 0.5251989791666667 0.616670375 0.5230840708333333 0.5162476359375 0.3029327041666667 0.520958415625 0.30367630624999997 0.6236254234375 0.5251989791666667 0.616670375
26 0.5245712791666667 0.505632171875 0.5215962166666667 0.40577501875 0.30070124583333335 0.4043544109375 0.3021891 0.5081305921875 0.5245712791666667 0.505632171875
41 0.5205485291666666 0.392112978125 0.5178775520833333 0.291415809375 0.29549472083333334 0.28889203124999996 0.2992140395833333 0.39209115625 0.5205485291666666 0.392112978125
17 0.29171875625 0.74425928125 0.2901872729166667 0.636576940625 0.059623512499999996 0.64472703125 0.06259792291666667 0.7518382171875 0.29171875625 0.74425928125
1 0.290788275 0.6263881312499999 0.2879558125 0.5188567843749999 0.053673387499999996 0.5264812437499999 0.05962351041666667 0.6352406984375001 0.290788275 0.6263881312499999
20 0.2898584479166667 0.5099124125000001 0.2834935458333333 0.40506262968750006 0.056648449999999996 0.4064838375 0.05739205208333333 0.5113826687499999 0.2898584479166667 0.5099124125000001
0 0.2857243541666667 0.39276693281249997 0.28200568958333333 0.28733598437499996 0.05218553125 0.2876669953125 0.053673387499999996 0.39590730625 0.2857243541666667 0.39276693281249997