45 0.19849648958333335 0.1770405875 0.20359049375000002 0.30449365156249997 0.30710937499999996 0.3042534171875 0.30310026041666666 0.175407715625 0.19849648958333335 0.1770405875
33 0.31909960833333334 0.303810546875 0.42389388125 0.303382325 0.42067838541666663 0.1738833015625 0.3128834645833333 0.1749365234375 0.31909960833333334 0.303810546875
43 0.43552539166666665 0.30353564375 0.5411959645833334 0.30301220624999997 0.5391119791666666 0.1731806640625 0.43209961041666667 0.17387646406249999 0.43552539166666665 0.30353564375
12 0.5519101562500001 0.30175488281249996 0.6568795583333333 0.30125244218749997 0.6571263020833332 0.1722612296875 0.5508444 0.173169921875 0.5519101562500001 0.30175488281249996
7 0.20916406250000003 0.43917529375 0.3133125 0.4383291015625 0.3080572916666667 0.3143022453125 0.20355143125000003 0.3137055671875 0.20916406250000003 0.43917529375
53 0.32551432291666665 0.43830126875 0.42731966250000003 0.4373129890625 0.4243209625 0.3126704109375 0.31853776041666665 0.313119140625 0.32551432291666665 0.43830126875
18 0.44001237083333333 0.43748681562499997 0.539609375 0.43701074218749997 0.5402089854166667 0.31216357499999997 0.4353977854166667 0.31205908125000004 0.44001237083333333 0.43748681562499997
31 0.5523925791666666 0.43620410156249995 0.6537669270833334 0.4359501953125 0.6561100270833333 0.3110913078125 0.5518144520833334 0.31255029218749997 0.5523925791666666 0.43620410156249995
20 0.21015950625000002 0.448474121875 0.21017057291666666 0.4496616203125 0.21607942708333333 0.5691850578125 0.3170214833333333 0.5690107421875 0.31345963541666666 0.44732128906249996 0.21015950625000002 0.448474121875
0 0.32933919166666664 0.5672783203125 0.4292669270833333 0.56729248125 0.42828385416666664 0.44802001875 0.3246634104166667 0.448474121875 0.32933919166666664 0.5672783203125
50 0.4418346354166667 0.56670703125 0.5418365895833334 0.5678349609375 0.5403014333333334 0.44629003906250003 0.43916796874999997 0.446353515625 0.4418346354166667 0.56670703125
35 0.5541009104166666 0.56555029375 0.6560384125 0.5659433593750001 0.6557786458333333 0.444288575 0.5522584645833334 0.44493994062500003 0.5541009104166666 0.56555029375
37 0.21966471250000003 0.695563965625 0.32033072916666666 0.694560546875 0.31650195416666665 0.5770800781250001 0.21392903749999997 0.5781748046875 0.21966471250000003 0.695563965625
24 0.3325214833333333 0.6949291984375 0.43154166666666666 0.69331640625 0.43045963541666665 0.5754414062500001 0.32749088541666665 0.5774677734375 0.3325214833333333 0.6949291984375
23 0.44423502708333334 0.693240721875 0.5432552083333333 0.6938037109375 0.5405442708333333 0.574185059375 0.4405813791666667 0.574994140625 0.44423502708333334 0.693240721875
47 0.5543378895833333 0.6921015625 0.6538736979166667 0.693712890625 0.65650390625 0.5742373046875 0.5536718749999999 0.5735805671875001 0.5543378895833333 0.6921015625
60 0.21034505208333334 0.706419434375 0.6673763020833333 0.7052280265624999 0.6704876291666667 0.1265732421875 0.18412304791666667 0.1332973625 0.21034505208333334 0.706419434375