57 0.8553752666666666 0.647486940625 0.8879295749999999 0.35688071093749996 0.24051518749999998 0.2975472875 0.20269316041666666 0.6178237125 0.8553752666666666 0.647486940625
13 0.8331486916666666 0.42256431718750004 0.8413673416666666 0.3600074625 0.7083916229166667 0.3483588046875 0.70184281875 0.41381310156250006 0.8331486916666666 0.42256431718750004
39 0.8241287770833333 0.49409052343750004 0.8333259958333333 0.43201241562500003 0.70069365 0.42157290625000005 0.6915583375 0.48680062656249995 0.8241287770833333 0.49409052343750004
9 0.8173731354166667 0.5677801984374999 0.8259339479166666 0.5028951765625 0.6919260020833333 0.49469330781250004 0.68198514375 0.5582783671875 0.8173731354166667 0.5677801984374999
22 0.8085255958333334 0.638142434375 0.8168834854166668 0.5740256828125 0.6829628999999999 0.56583146875 0.6769892416666666 0.6309431234375 0.8085255958333334 0.638142434375
40 0.6924234520833333 0.41298796718749997 0.7010417229166667 0.3477149546875 0.5643885999999999 0.336137178125 0.5565752291666667 0.40305279531249993 0.6924234520833333 0.41298796718749997
34 0.6831162479166667 0.486454125 0.6921837291666667 0.42013964843749996 0.5554260625 0.41081260156250005 0.5483027562499999 0.4766095953125 0.6831162479166667 0.486454125
5 0.67472829375 0.55724964375 0.6826326916666667 0.493486190625 0.5462337749999999 0.483502778125 0.5381906520833333 0.5484331515624999 0.67472829375 0.55724964375
2 0.6680650541666666 0.630554390625 0.6746631666666667 0.5650061562500001 0.5384789916666667 0.5571049296874999 0.5311826625 0.6240658390625 0.6680650541666666 0.630554390625
28 0.54617859375 0.40174902812499996 0.5546966666666666 0.3348951421875 0.4122226395833334 0.3224144328125 0.4046971208333333 0.390927359375 0.54617859375 0.40174902812499996
15 0.5372741583333334 0.476036515625 0.5450019833333334 0.4092116609375 0.4021679083333333 0.397387203125 0.39619416875 0.466036065625 0.5372741583333334 0.476036515625
46 0.5291159541666667 0.548817278125 0.5359544125000001 0.48358486718749993 0.3971151145833333 0.4739772125 0.38619754791666666 0.5406209015625 0.5291159541666667 0.548817278125
48 0.5218782145833333 0.622464721875 0.5296389354166666 0.5572148453125 0.38751996875 0.5493832656250001 0.3785575979166667 0.616984278125 0.5218782145833333 0.622464721875
4 0.3944284791666667 0.38924177968749996 0.4015465625 0.3200053703125 0.25046865833333337 0.3066727078125 0.24438000208333335 0.37609755 0.3944284791666667 0.38924177968749996
30 0.38805309583333336 0.4641438375 0.39472832291666665 0.39703026406249997 0.24420875625 0.384336046875 0.23708536666666669 0.4536702453125 0.38805309583333336 0.4641438375
42 0.3792634979166667 0.54119255 0.3853934604166667 0.473343421875 0.23461417291666667 0.4632793609375 0.22737587083333333 0.53338954375 0.3792634979166667 0.54119255
21 0.36920876875 0.616165321875 0.37684935416666665 0.5487432906249999 0.22634161875 0.5403733671875 0.21691893333333334 0.6110782453125 0.36920876875 0.616165321875