61 0.16015625 0.7282495109375 0.6809895833333334 0.7423046875 0.70390625 0.1073955078125 0.17578125 0.1046875 0.16015625 0.7282495109375
6 0.1845703125 0.2861010734375 0.2985026041666667 0.2870771484375 0.3024088541666667 0.15043310468749999 0.18880208333333334 0.1490478515625 0.1845703125 0.2861010734375
19 0.3121744791666667 0.2870771484375 0.4254557291666667 0.288541503125 0.4280598958333333 0.151896971875 0.3157552083333333 0.149658203125 0.3121744791666667 0.2870771484375
11 0.4397786458333333 0.289029296875 0.5530598958333334 0.29195751875 0.5550130208333334 0.153849121875 0.44189453125 0.15087890625 0.4397786458333333 0.289029296875
50 0.5673828125 0.29049316406250003 0.6800130208333334 0.2934213875 0.6839192708333334 0.153849121875 0.5696614583333334 0.1533203125 0.5673828125 0.29049316406250003
26 0.18391927083333334 0.4300986328125 0.2958984375 0.4315629875 0.2978515625 0.2973588859375 0.18473307291666666 0.294921875 0.18391927083333334 0.4300986328125
41 0.3102213541666667 0.432572265625 0.4202473958333333 0.43501220625 0.4235026041666667 0.2988564453125 0.3116861979166667 0.2967529296875 0.3102213541666667 0.432572265625
10 0.4345703125 0.43598828125000005 0.5472005208333334 0.43696435625 0.5530598958333334 0.3017841796875 0.4378255208333333 0.2998046875 0.4345703125 0.43598828125000005
25 0.5582682291666666 0.4379404296875 0.6754557291666666 0.4408686515625 0.6806640625 0.3022724609375 0.5647786458333334 0.30224609375 0.5582682291666666 0.4379404296875
36 0.1728515625 0.575626953125 0.2900390625 0.5790434578125 0.2985026041666667 0.4423994140625 0.18147786458333334 0.4407958984375 0.1728515625 0.575626953125
8 0.3024088541666667 0.57761279375 0.4156901041666667 0.5810288078125 0.4222005208333333 0.4458486328125 0.3084309895833333 0.4432373046875 0.3024088541666667 0.57761279375
29 0.4300130208333333 0.5800527343749999 0.5426432291666666 0.58298095625 0.5465494791666666 0.44682470625 0.4337565104166667 0.4444580078125 0.4300130208333333 0.5800527343749999
47 0.5576171875 0.5815166015625 0.6715494791666666 0.585908690625 0.6741536458333334 0.4497529296875 0.5607096354166666 0.4468994140625 0.5576171875 0.5815166015625
44 0.17415364583333334 0.7196582031250001 0.2861328125 0.7216103515625 0.2887369791666667 0.5864301765625 0.17415364583333334 0.5848388671875 0.17415364583333334 0.7196582031250001
3 0.2985026041666667 0.7211220703125 0.4117838541666667 0.722586425 0.4156901041666667 0.5888701171874999 0.3011067708333333 0.5872802734375 0.2985026041666667 0.7211220703125
49 0.4235026041666667 0.7240502921874999 0.5393880208333334 0.726978515625 0.5432942708333334 0.5922861328125 0.4288736979166667 0.589111328125 0.4235026041666667 0.7240502921874999
18 0.5524088541666666 0.726490234375 0.6663411458333334 0.72941845625 0.6702473958333334 0.5952143546875 0.5550130208333334 0.5927734375 0.5524088541666666 0.726490234375