55 0.21102408749999998 0.6983339843749999 0.6692708333333334 0.708091796875 0.68402799375 0.1275908203125 0.19856770833333334 0.1319985359375 0.21102408749999998 0.6983339843749999
20 0.21623242083333333 0.300498046875 0.3177949208333333 0.3017993171875 0.31684049583333335 0.17507275312499998 0.21384570416666668 0.1735024421875 0.21623242083333333 0.300498046875
0 0.3307291666666667 0.3013056640625 0.43431705625 0.302607421875 0.43373828125 0.172903809375 0.3284140625 0.1737197265625 0.3307291666666667 0.3013056640625
42 0.44589127708333337 0.302607421875 0.5506367187500001 0.30304101562499997 0.5529511708333333 0.172470215625 0.4441549479166667 0.172634765625 0.44589127708333337 0.302607421875
21 0.5616321625 0.30173974531250003 0.6692708333333334 0.30304101562499997 0.6698496083333333 0.172470215625 0.5649596354166667 0.1731772453125 0.5616321625 0.30173974531250003
37 0.2184609375 0.4354067375 0.31973372291666663 0.4367080078125 0.31857617083333334 0.31047460937500004 0.21484375 0.309353515625 0.2184609375 0.4354067375
24 0.3330442708333334 0.4345390625 0.4325807291666666 0.4375756828125 0.4320026041666667 0.31220996093750003 0.32957161458333334 0.31047460937500004 0.3330442708333334 0.4345390625
51 0.4464700520833333 0.4375756828125 0.5477428375 0.438009278125 0.5489003916666667 0.31220996093750003 0.4456015625 0.3120659171875 0.4464700520833333 0.4375756828125
27 0.5593170583333333 0.438009278125 0.6617473958333334 0.439310546875 0.6663776041666666 0.3117763671875 0.5613424479166667 0.3104384765625 0.5593170583333333 0.438009278125
39 0.2190390625 0.5638974609375 0.3191549479166667 0.5643310546875 0.3203125 0.44417138749999996 0.2184609375 0.4422744140625 0.2190390625 0.5638974609375
9 0.33188671875 0.5647651359375 0.4308450520833333 0.56606640625 0.43431705625 0.44590625 0.33130794375 0.443359375 0.33188671875 0.5647651359375
17 0.44473372291666663 0.56519873125 0.5460071625 0.56693408125 0.5471640625 0.44720751875 0.4456015625 0.44552929687500004 0.44473372291666663 0.56519873125
1 0.5558450520833333 0.5673676765625 0.6582753916666667 0.570837890625 0.6623261708333333 0.44720751875 0.5598958333333334 0.44607226562499996 0.5558450520833333 0.5673676765625
28 0.22135416666666666 0.6897558593750001 0.32089127708333337 0.690623534375 0.3203125 0.5735 0.21773697916666668 0.57085498125 0.22135416666666666 0.6897558593750001
15 0.33130794375 0.6901899421875 0.43142382916666666 0.69366015625 0.4308450520833333 0.57393408125 0.33130794375 0.5735678703125 0.33130794375 0.6901899421875
25 0.4441549479166667 0.6940937500000001 0.5431132812499999 0.694961425 0.5442708333333334 0.576536621875 0.4434316395833333 0.5751953125 0.4441549479166667 0.6940937500000001
38 0.5546875 0.6971303703125 0.6553821625 0.6997333984375 0.6582753916666667 0.577404296875 0.5562786458333334 0.57573779375 0.5546875 0.6971303703125