56 0.1297922125 0.24484342187500002 0.05487415 0.6579178156250001 0.92294819375 0.6733314703125 0.9642408333333333 0.284403521875 0.1297922125 0.24484342187500002
52 0.7287714395833333 0.28684103125 0.7163440770833333 0.36885259062500003 0.8944979541666667 0.3758855125 0.9023794979166666 0.291683421875 0.7287714395833333 0.28684103125
40 0.7176157479166666 0.37958969531250003 0.70381189375 0.46494099218749996 0.88524001875 0.47043835468750006 0.89558566875 0.3856155203125 0.7176157479166666 0.37958969531250003
34 0.7081067791666666 0.47391695624999997 0.69715895 0.5604106546875001 0.8749327979166667 0.5653173453125 0.8870192291666666 0.479811228125 0.7081067791666666 0.47391695624999997
5 0.6955730229166667 0.568775984375 0.6843438249999999 0.6580607765625001 0.8616570625000001 0.6601698828125 0.8746692937499999 0.5746723499999999 0.6955730229166667 0.568775984375
48 0.5384436666666667 0.2780254984375 0.527834075 0.3611703796875 0.703898225 0.3682969578125 0.7181531 0.2842063390625 0.5384436666666667 0.2780254984375
32 0.528080175 0.37346270625 0.5113640291666667 0.45822982031250004 0.69353478125 0.4637336796875 0.7049457145833333 0.3783614515625 0.528080175 0.37346270625
4 0.5118358208333333 0.46828976874999995 0.5016862416666666 0.5542317390625 0.68254120625 0.5580479546875 0.69259578125 0.47322257656250005 0.5118358208333333 0.46828976874999995
30 0.4983912645833334 0.5648169625 0.48938870624999997 0.654120740625 0.6717838500000001 0.6573922078125001 0.6810336333333333 0.5694871234375001 0.4983912645833334 0.5648169625
12 0.3428028020833333 0.26514155625 0.33185562291666665 0.3516352609375 0.51517209375 0.36050091875 0.5266550041666667 0.2762467421875 0.3428028020833333 0.26514155625
6 0.3291894270833333 0.36334340625 0.31687018541666667 0.44870768749999995 0.5011543291666667 0.4553474546875 0.5133063145833333 0.3717971515625 0.3291894270833333 0.36334340625
19 0.31637430208333334 0.46099352656250003 0.30063635625 0.55079710625 0.48742840625 0.5546657421875001 0.5000285770833334 0.4666501625 0.31637430208333334 0.46099352656250003
11 0.2997923604166666 0.5591694125 0.2868541625 0.6506736140625 0.47370253125 0.653983540625 0.48746767916666667 0.5636039953124999 0.2997923604166666 0.5591694125
31 0.14300125625 0.2566904203125 0.12908551041666666 0.343158159375 0.31548374375 0.3509333515625 0.33007984375 0.2633546296875 0.14300125625 0.2566904203125
26 0.12504790000000002 0.3537368890625 0.10799411666666667 0.44185331562499996 0.30186971875 0.4491351953125 0.31666145 0.3596029390625 0.12504790000000002 0.3537368890625
41 0.10766770625 0.45246450468750005 0.09335744583333333 0.54283928125 0.2887732791666667 0.549575925 0.3010345375 0.45932302343750003 0.10766770625 0.45246450468750005
10 0.09005622291666666 0.5539831625 0.0739806875 0.647135565625 0.27212946666666665 0.648868690625 0.2872644729166666 0.5590598359375 0.09005622291666666 0.5539831625