14 0.06105610561056106 0.0875 0.09900990099009901 0.153125
13 0.1716171617161716 0.0875 0.09735973597359736 0.1546875
39 0.28217821782178215 0.0859375 0.09735973597359736 0.1515625
9 0.38943894389438943 0.0859375 0.09735973597359736 0.1515625
22 0.5 0.0875 0.09735973597359736 0.153125
40 0.7194719471947195 0.0875 0.09570957095709572 0.1515625
34 0.83003300330033 0.0875 0.09735973597359736 0.153125
5 0.9389438943894389 0.0875 0.09735973597359736 0.153125
2 0.06105610561056106 0.25 0.09735973597359736 0.153125
16 0.1716171617161716 0.25 0.09735973597359736 0.1515625
28 0.28052805280528054 0.2515625 0.09735973597359736 0.1515625
15 0.38943894389438943 0.25 0.09900990099009901 0.1515625
48 0.6105610561056105 0.2515625 0.09735973597359736 0.153125
32 0.7211221122112211 0.2515625 0.09735973597359736 0.153125
30 0.9389438943894389 0.2515625 0.09570957095709572 0.1515625
11 0.9372937293729373 0.4140625 0.09735973597359736 0.1515625
19 0.8283828382838284 0.415625 0.09735973597359736 0.1515625
43 0.5 0.4140625 0.09570957095709572 0.153125
12 0.6105610561056105 0.4140625 0.09735973597359736 0.153125
6 0.7178217821782178 0.4140625 0.09900990099009901 0.153125
33 0.38943894389438943 0.4140625 0.09735973597359736 0.1515625
45 0.28052805280528054 0.4140625 0.09735973597359736 0.1515625
21 0.16996699669966997 0.4140625 0.09735973597359736 0.1515625
51 0.0594059405940594 0.5765625 0.09570957095709572 0.153125
27 0.16996699669966997 0.578125 0.09900990099009901 0.1515625
7 0.28052805280528054 0.578125 0.09570957095709572 0.1515625
53 0.38943894389438943 0.578125 0.09735973597359736 0.1515625
18 0.5 0.578125 0.09735973597359736 0.1515625
26 0.7178217821782178 0.578125 0.09735973597359736 0.1515625
31 0.6089108910891089 0.578125 0.09735973597359736 0.1515625
41 0.8283828382838284 0.578125 0.09735973597359736 0.1515625
10 0.9372937293729373 0.578125 0.09735973597359736 0.153125
17 0.0594059405940594 0.7421875 0.09735973597359736 0.1515625
1 0.16996699669966997 0.7421875 0.09735973597359736 0.153125
20 0.28052805280528054 0.7421875 0.09735973597359736 0.1515625
0 0.38943894389438943 0.74375 0.09735973597359736 0.153125
50 0.5 0.7421875 0.09900990099009901 0.1546875
35 0.6089108910891089 0.74375 0.09570957095709572 0.1515625
36 0.7178217821782178 0.74375 0.09570957095709572 0.153125
8 0.8283828382838284 0.74375 0.09570957095709572 0.153125
29 0.9372937293729373 0.74375 0.09570957095709572 0.153125
25 0.06105610561056106 0.9078125 0.09570957095709572 0.1515625
38 0.16996699669966997 0.909375 0.09570957095709572 0.1515625
37 0.28052805280528054 0.9078125 0.09570957095709572 0.1515625
24 0.38943894389438943 0.9078125 0.09735973597359736 0.153125
23 0.49834983498349833 0.909375 0.09570957095709572 0.15
47 0.6072607260726073 0.9078125 0.09735973597359736 0.1515625
44 0.7178217821782178 0.909375 0.09735973597359736 0.153125
3 0.8283828382838284 0.909375 0.09735973597359736 0.153125
49 0.9389438943894389 0.909375 0.09570957095709572 0.1515625
42 0.06105610561056106 0.4125 0.09900990099009901 0.153125
46 0.5 0.25 0.09735973597359736 0.1515625
4 0.83003300330033 0.25 0.09735973597359736 0.1515625
52 0.6089108910891089 0.0859375 0.09735973597359736 0.153125