14 0.9447855207735982 0.1706424871752092 0.10858562324978019 0.11254284946188076
13 0.9369271684596954 0.2726951387467858 0.12176774197342885 0.11156254631872757
39 0.9315152615579981 0.37720070222902113 0.1300185670559371 0.11192641935425689
9 0.9244915924565285 0.47850849110415067 0.14156972217144864 0.11243584160399785
22 0.9166236394384433 0.5813423926757272 0.15477104230346184 0.11301803846084475
40 0.8926081062072175 0.7889900727833511 0.15640200591159856 0.11152831306795061
34 0.8797896581396275 0.8916056505336101 0.1564212073199635 0.1130908130679508
5 0.8678538968053828 0.9684654795267233 0.15632520027813923 0.0630690409465533
2 0.807198356683541 0.1481595574818701 0.17294205889334455 0.11538105913900916
16 0.7943607072075862 0.2523376352321291 0.1712918938768429 0.11530828453190338
28 0.779901694827677 0.35409918837528226 0.1712918938768429 0.1153082845319033
15 0.7687430124807708 0.4560062907326471 0.17131109528520783 0.11687078453190339
48 0.7414271492165418 0.6635084216260593 0.17294205889334455 0.11538105913900906
32 0.7285991004447693 0.7669052493763183 0.17294205889334455 0.11538105913900924
30 0.7038064882262047 0.9568686999572187 0.17127269246847815 0.08626260008556272
11 0.5332352252144794 0.9437276140394907 0.1712918938768429 0.1125447719210186
19 0.5444035082655678 0.8424210179875681 0.1712918938768429 0.11530828453190338
43 0.583683934976589 0.5346106720403441 0.17292285748497982 0.11381855913900907
12 0.5708462855006341 0.6387887497906031 0.17294205889334455 0.11538105913900906
6 0.558881722053842 0.739096964844415 0.17296126030170947 0.11694355913900907
33 0.5965119837483615 0.431213844290085 0.1712918938768429 0.11530828453190338
45 0.6093208311117692 0.329379516539826 0.1712918938768429 0.1153082845319033
21 0.6221488798835416 0.225982688789567 0.1712918938768429 0.1153082845319033
51 0.46439606493940644 0.09786618920385179 0.17292285748497982 0.11381855913900915
27 0.44991785115113225 0.20119024234700494 0.17131109528520783 0.11687078453190329
7 0.4370898023793598 0.30458707009726393 0.17127269246847815 0.11374578453190329
53 0.42510603752420295 0.4064577851510759 0.1712918938768429 0.11530828453190338
18 0.41226838804824806 0.5106358629013348 0.171291893876843 0.11530828453190338
26 0.38665069332143276 0.7143045184018529 0.171291893876843 0.11530828453190338
31 0.3994595406848404 0.6124701906515938 0.1712918938768429 0.11530828453190338
41 0.37382264454966024 0.8177013461521119 0.1712918938768429 0.11530828453190338
10 0.36100419648207016 0.9203169239023709 0.17294205889334455 0.11538105913900906
17 0.29133995369874627 0.07303735545773676 0.171291893876843 0.11530828453190331
1 0.2785119049269738 0.17643418320799578 0.17294205889334466 0.11538105913900916
20 0.2656838561552013 0.27983101095825474 0.171291893876843 0.11530828453190338
0 0.251224843775292 0.38159256410140785 0.17294205889334466 0.11538105913900916
50 0.24003735931583872 0.4858434164587727 0.17461142531821114 0.11701633374611511
35 0.2255783469359294 0.5876049696019259 0.17127269246847815 0.11374578453190339
36 0.2127694995725217 0.689439297352185 0.17292285748497982 0.11381855913900907
8 0.19994145080074927 0.792836125102444 0.17292285748497982 0.11381855913900907
29 0.1871326034373416 0.8946704528527029 0.17292285748497976 0.11381855913900907
25 0.12151696756181249 0.053822820925833445 0.15960632890277765 0.10386136228216232
38 0.1087561237193169 0.15175089867609243 0.15805217092810012 0.11160108767505647
37 0.09674355675161282 0.25596536372990436 0.1597023359446018 0.11167386228216233
24 0.08476939260063839 0.35705482878371625 0.16137170236946824 0.1133091368892682
23 0.07425569158826416 0.4588527692304224 0.14851138317652832 0.11145553846084474
47 0.06868115076690236 0.5609781954091048 0.13736230153380471 0.11258139081820957
44 0.062262326028924904 0.6654109842842344 0.12452465205784981 0.11207196856846871
3 0.05585310199512986 0.7682812731593638 0.11170620399025973 0.11156254631872767
49 0.04859959404471917 0.8734589247309404 0.09719918808943834 0.10941784946188093
42 0.6366078922634509 0.12422113564641388 0.17296126030170947 0.11694355913900915
46 0.7559149637089984 0.5594031184829061 0.1712918938768429 0.11530828453190338
4 0.7174404180978633 0.868812351733683 0.1712918938768429 0.11530828453190338
52 0.9062708381914234 0.684848382336645 0.15477104230346148 0.11301803846084475