14 0.08503300985481566 0.9316801854843073 0.15141310804536387 0.10818498924663303
13 0.07971884414925241 0.8272837839127307 0.15139390663699903 0.10662248924663302
39 0.0738083917666269 0.7229237696447071 0.1476167835332538 0.1049144400324213
9 0.07195719001373127 0.6215795934660246 0.14391438002746254 0.1049144400324213
22 0.07136761378366792 0.5170376426802364 0.14273522756733584 0.10654971463952716
40 0.06602464596555743 0.31107874110865985 0.13204929193111486 0.10284251778268025
34 0.06421184702939146 0.20493790301931863 0.12842369405878293 0.10574919396136276
5 0.06237024598067825 0.10192206492997742 0.1247404919613565 0.10553087014004517
2 0.24767027102205236 0.9166993866843803 0.1678955568020155 0.10735023531769165
16 0.24318118782473994 0.8122665978092509 0.16624539178551387 0.10727746071058561
28 0.24032306823556435 0.7093235343270156 0.16624539178551387 0.10727746071058579
15 0.234155017909203 0.6073072700589919 0.1662645931938787 0.10883996071058562
48 0.22682701653107978 0.398368917701627 0.1678955568020155 0.10735023531769165
32 0.22233793333376736 0.29393612882649756 0.1678955568020155 0.10735023531769157
30 0.2141464466306637 0.0881591637726856 0.16622619037714914 0.10571496071058575
11 0.3850249321762262 0.07359574193722937 0.16624539178551387 0.10727746071058572
19 0.3911833817984051 0.176393256205253 0.16624539178551387 0.10727746071058575
43 0.40303886919057036 0.4866393974377473 0.16787635539365078 0.10578773531769166
12 0.39854978599325797 0.38220660856261784 0.1678955568020155 0.10735023531769165
6 0.39402229997921584 0.28089881968748837 0.16791475821038046 0.10891273531769166
33 0.4075279523878828 0.591072186312877 0.16624539178551387 0.10727746071058561
45 0.4120458376977425 0.6931612251880064 0.16624539178551387 0.10727746071058579
21 0.4165349208950549 0.7975940140631359 0.16624539178551387 0.10727746071058561
51 0.5927467735545454 0.8858644937992561 0.16787635539365078 0.10578773531769166
27 0.5899078553737347 0.7813589303170209 0.16626459319387862 0.1088399607105858
7 0.5854187721764222 0.6769261414418913 0.16622619037714914 0.10571496071058561
53 0.5809008868665626 0.5748371025667618 0.16624539178551387 0.10727746071058561
18 0.5764118036692502 0.4704043136916324 0.16624539178551387 0.10727746071058561
26 0.5673952344578956 0.2646637359413734 0.16624539178551387 0.10727746071058579
31 0.571903519063573 0.3675340248165028 0.16624539178551387 0.10727746071058579
41 0.5629061512605833 0.16023094706624386 0.16624539178551387 0.10727746071058575
10 0.558397866654906 0.05736065819111434 0.1678955568020155 0.10735023531769158
17 0.767769873049727 0.8695566354460353 0.16624539178551387 0.10727746071058561
1 0.7632807898524145 0.7651238465709058 0.16789555680201534 0.10735023531769165
20 0.7579666241468513 0.6607274449993292 0.16624539178551387 0.10727746071058561
0 0.7559335870659265 0.557747994213541 0.1678955568020155 0.10735023531769165
50 0.74978473814793 0.4541692299455173 0.1695649232268819 0.10898550992479752
35 0.7469266185587544 0.351226166463282 0.16622619037714914 0.1057149607105858
36 0.7424183339530771 0.24835587758815247 0.16787635539365078 0.10578773531769166
8 0.7379292507557648 0.14392308871302295 0.16787635539365078 0.10578773531769162
29 0.7334209661500876 0.04697333374836963 0.16787635539365078 0.09394666749673926
25 0.9238448769676866 0.8517419350745318 0.13157272503061448 0.10418669396136267
38 0.9226369223950126 0.7487260969851905 0.13652322008011944 0.10440501778268026
37 0.9206038853140879 0.6457466461994023 0.14312388014612604 0.10469611621110371
24 0.9185804489373457 0.541985945413614 0.1497437416204972 0.10654971463952716
23 0.9190130586769908 0.4396785827171669 0.15137470522863428 0.10505998924663303
47 0.9136892922672453 0.3360634311455904 0.1563444016865038 0.10684081306795061
44 0.9100252915781837 0.23159425496690794 0.15469423667000212 0.10676803846084475
3 0.9055266076766888 0.12794271609177843 0.15469423667000212 0.10676803846084475
49 0.9010279237751939 0.03844697322353565 0.1546750352616376 0.0768939464470713
42 0.4193930404842305 0.9005370775453713 0.16791475821038035 0.1089127353176913
46 0.22966593471189056 0.5028744811838625 0.16624539178551387 0.10727746071058561
4 0.2170045662198393 0.19110222725492096 0.16624539178551387 0.10727746071058575
52 0.06787584771845305 0.41331332919800107 0.1357516954369061 0.10462334160399785