31 0.9651629651711261 0.1012328770939654 0.06802274853837262 0.16733798620519008
13 0.8844776920378287 0.09118284769532325 0.12084723047479035 0.17152087516934214
40 0.7749433332282997 0.08221001554806141 0.12080882765806068 0.16442003109612283
9 0.6686805023392266 0.0778196263009959 0.12080882765806068 0.1556392526019918
22 0.5591077407129679 0.07429237420906015 0.1208280290664256 0.1485847484181203
41 0.3415259761393104 0.06483270465884135 0.1189282457411812 0.1296654093176827
35 0.23187640887959235 0.06054467435568802 0.12040559808239944 0.12108934871137604
5 0.12470208914462685 0.05617475689740496 0.12023278540711592 0.11234951379480992
2 0.9516340649940376 0.26274358717987367 0.09112505876939572 0.16848440637700665
16 0.8585725542369775 0.25330771144470465 0.12080882765806086 0.1683958751693421
28 0.7506499576272206 0.24539007010570338 0.12080882765806086 0.1683958751693421
15 0.6427561631300107 0.23512867876670213 0.12245899267456252 0.16847776232447184
48 0.424454923794109 0.2178537268213943 0.1208280290664256 0.1699583751693421
33 0.3148917628720327 0.20923672263752274 0.1208280290664256 0.1699583751693421
30 0.0990753717650658 0.19105768995952027 0.1191586626415591 0.16831398801421243
11 0.07482039898071642 0.3531006665537719 0.12080882765806075 0.16839587516934218
19 0.18270459277374382 0.3641433078927732 0.12080882765806077 0.1683958751693421
43 0.5072782637029011 0.389417788332212 0.11917786404992377 0.16987648801421235
12 0.39854978599325797 0.37997859057077565 0.1208280290664256 0.1699583751693421
6 0.29228695510418495 0.3711978120766447 0.12247819408292726 0.17004026232447184
34 0.6168318239207949 0.39881604251608355 0.12080882765806068 0.16839587516934218
45 0.7247448198263696 0.40751493385508486 0.12080882765806086 0.1683958751693421
21 0.8334732975360126 0.4169541316165212 0.12080882765806086 0.1683958751693421
51 0.9171313206572379 0.587695999549774 0.11917786404992377 0.1698764880142125
27 0.8075489583267967 0.5806414953659026 0.12245899267456233 0.16847776232447184
7 0.6979953981089029 0.5712432411820311 0.11915866264155903 0.16831398801421232
53 0.5909074847115792 0.5625034062654649 0.12080882765806086 0.1683958751693421
18 0.4813539244936852 0.5531051520815934 0.12080882765806068 0.1683958751693421
26 0.2663626158949691 0.534885175826026 0.12080882765806068 0.1683958751693421
32 0.3734409285881105 0.5444062607425921 0.12080882765806068 0.1683958751693421
42 0.1567994549728928 0.5262681716421546 0.12080882765806072 0.1683958751693421
10 0.05424249589823126 0.5167061431480235 0.10848499179646252 0.169712713703953
17 0.8911877800396572 0.7529458632991555 0.12080882765806086 0.1683958751693421
1 0.781624619117581 0.7443288591152839 0.1208280290664256 0.1699583751693421
20 0.672071058899687 0.7349306049314125 0.12080882765806086 0.1683958751693421
0 0.5641388615857476 0.7277942135924113 0.12082802906642542 0.1699583751693421
50 0.4554295852844693 0.7167925158309749 0.122497395491292 0.17160276232447186
36 0.34749738797052987 0.7096561244919736 0.11915866264155903 0.16831398801421252
37 0.2395939927691376 0.7001759831529724 0.11917786404992396 0.1698764880142125
8 0.13003083184706132 0.6915589789691008 0.1191778640499239 0.16987648801421235
29 0.04085818433531551 0.6813827968114967 0.08171636867063102 0.16848440637700648
25 0.8622127291061809 0.8964845013587965 0.11864022461570878 0.12612648801421217
39 0.7550288086670329 0.8955571664422302 0.11879383588262746 0.13862648801421215
38 0.646213924619748 0.893149218680794 0.1189858499662756 0.15425148801421215
24 0.5382241230807141 0.8907003273417926 0.12082802906642542 0.1699583751693421
23 0.43029192576677466 0.8835639360027914 0.11913946123319429 0.16675148801421252
47 0.32322321377781565 0.8732616010862253 0.12080882765806077 0.1683958751693421
44 0.21365045215155695 0.8654258469023537 0.1208280290664256 0.1699583751693421
3 0.10408729122948064 0.8568088427184822 0.12082802906642556 0.1699583751693421
49 0.026648790264148937 0.8453191440525348 0.053297580528297875 0.16561171189493037
14 0.9372800823086981 0.4242952408433468 0.11587753401692047 0.16971271370395283
46 0.5340276854203677 0.22568948100526579 0.12080882765806068 0.1683958751693421
4 0.20700756907900528 0.1981940812985215 0.12080882765806077 0.16839587516934212
52 0.45117554339902843 0.06916167853955953 0.12075122343296626 0.13832335707911905