31 0.8837920278440439 0.09067885131939835 0.15980868358583963 0.10989303846084475
13 0.8865726539673376 0.19342286165848055 0.16155495976978376 0.11152831306795061
40 0.8916843608642208 0.2986197839082216 0.158158518569338 0.10982026385373889
9 0.8945610981549568 0.39980129424730376 0.158158518569338 0.10982026385373889
22 0.8955473925105856 0.5048162799792801 0.158158518569338 0.10982026385373889
41 0.8927136529235019 0.7122841776219152 0.13826042720387607 0.1073844685684687
35 0.8912727553380995 0.8164087514432328 0.1284555482723083 0.10851032092583353
5 0.8890548308281672 0.9197156879609973 0.12020472318980004 0.10814644789030439
2 0.7204818843790936 0.09601055251947141 0.17640644491829863 0.11218328453190332
16 0.7239434262594748 0.20113470016210658 0.17475627990179696 0.11211050992479751
28 0.725898969874518 0.3038423231976358 0.17475627990179696 0.11211050992479751
15 0.7302817054305923 0.4074403581438239 0.17485239106923905 0.11367300992479752
48 0.7347775972503238 0.6167982415184354 0.17640644491829863 0.11218328453190338
33 0.7382871947144263 0.7211411391610705 0.17640644491829863 0.11218328453190338
30 0.7446254738855437 0.9274467971427878 0.17466016873435466 0.1105480099247977
11 0.5730645053380852 0.9324146253073315 0.17475627990179676 0.1121105099247977
19 0.5678086316900388 0.8295614530575908 0.17475627990179696 0.11211050992479735
43 0.5604840581632925 0.5182408093438969 0.17631033375085634 0.11062078453190338
12 0.563120517535423 0.6233285696829791 0.17640644491829863 0.11218328453190338
6 0.5668223373344099 0.7245464673256142 0.17650255608574072 0.11374578453190339
34 0.55697446069919 0.4138979117012617 0.17475627990179676 0.11211050992479735
45 0.5534168076513664 0.31033626405862663 0.17475627990179696 0.11211050992479751
21 0.5507322926955146 0.20602975371954443 0.17475627990179696 0.11211050992479743
51 0.3755656155165115 0.10821718424145306 0.17631033375085634 0.11062078453190334
27 0.37742504796411236 0.21248730727698234 0.17485239106923905 0.11367300992479742
7 0.3800615073362429 0.3175750676160646 0.17466016873435466 0.11054800992479744
53 0.3836672159677876 0.42035546525869966 0.17475627990179676 0.11211050992479735
18 0.38630367533991816 0.525443225597782 0.17475627990179687 0.11211050992479735
26 0.3926419545110356 0.7317488835794993 0.17475627990179676 0.11211050992479735
32 0.38990938397146285 0.628223623240417 0.17475627990179687 0.11211050992479751
42 0.39615155197513807 0.8360917812221345 0.17475627990179676 0.11211050992479735
10 0.3997092050229617 0.9396534288647697 0.17640644491829852 0.11218328453190338
17 0.20060820576860744 0.1146019631917851 0.17475627990179687 0.11211050992479747
1 0.20324466514073802 0.21968972353086733 0.17640644491829852 0.1121832845319033
20 0.20675426260484048 0.32403262117350246 0.17475627990179682 0.11211050992479743
0 0.20866175063616244 0.4275214942090317 0.17640644491829846 0.11218328453190338
50 0.21299643060851572 0.5319007791552199 0.17815272110224237 0.11381855913900907
36 0.2149039186398377 0.6353896521907492 0.17466016873435466 0.11054800992479752
37 0.21768454476313157 0.7381336625298314 0.17631033375085634 0.11062078453190338
8 0.2211460866435129 0.8432578101724666 0.17631033375085634 0.11062078453190338
29 0.22392671276680678 0.9453457141227986 0.17631033375085634 0.10930857175440281
25 0.055641329893828986 0.12285961124870501 0.11128265978765797 0.10821922249741003
39 0.05659507390948996 0.22616654776646966 0.11319014781897992 0.1085830955329393
38 0.05915092735793147 0.3311087588913401 0.11830185471586294 0.10909251778268025
24 0.061025865049285484 0.4321083327126577 0.12205173009857097 0.11109166542531543
23 0.061106470972974516 0.5361601319268694 0.12221294194594903 0.10982026385373889
47 0.06375843558885824 0.6389041422659517 0.12751687117771648 0.11160108767505647
44 0.06548920652904894 0.7440282899085868 0.13097841305809788 0.11160108767505647
3 0.06724400526110016 0.8483711875512219 0.13448801052220033 0.11160108767505647
49 0.06730058339292866 0.9492016333746115 0.13460116678585732 0.10159673325077705
14 0.5488248046641928 0.10254088068401516 0.17650255608574072 0.11374578453190329
46 0.7337913028946949 0.511783255786459 0.17475627990179696 0.11211050992479735
4 0.7434950127787515 0.8247755614108115 0.17475627990179696 0.1121105099247977
52 0.8950757441845972 0.6066334911041507 0.14660736345382644 0.10931084160399784