32 0.1379891204766013 0.9511358060063543 0.15693014701398966 0.0977283879872914
14 0.12459452616074997 0.8525813035707225 0.15707416570151614 0.10881371266133186
40 0.10947775748463366 0.7484568652591197 0.15377383566851288 0.10875916558343128
9 0.09689384380828049 0.6474983372559425 0.15377383566851288 0.10875916558343128
23 0.08587368393591302 0.5418795827917157 0.15377383566851285 0.10875916558343128
41 0.06970975483020243 0.3362062812495881 0.1289925566834828 0.10678756249917623
36 0.06281500749908908 0.23065571063273707 0.11912037032197823 0.10818642126547413
5 0.05516718700348818 0.12899775324641088 0.10756921520646667 0.10799550649282175
2 0.3003287484394767 0.9445211619299834 0.17360461960403797 0.11064894805083547
17 0.28684774291110937 0.8396427471573309 0.17195445458753633 0.11062167451188501
29 0.27588519051375254 0.7371489926931041 0.17195445458753633 0.11062167451188501
16 0.2607972255751416 0.6345870543815013 0.1719832583250417 0.112184174511885
48 0.23549978140366132 0.4256387483751469 0.17360461960403797 0.11064894805083529
34 0.22203317774404668 0.3215415836024945 0.17360461960403797 0.11064894805083539
31 0.19514317603107537 0.11569100405718977 0.17192565085003103 0.109059174511885
12 0.36564721786394305 0.10288881533854996 0.17195445458753625 0.11062167451188501
20 0.38073518280255403 0.2054507536501527 0.17195445458753625 0.11062167451188501
43 0.41944162315863837 0.5153712244291595 0.17357581586653262 0.10908644805083548
13 0.4059750194990237 0.41127405965650715 0.17360461960403797 0.11064894805083547
6 0.3925660233144197 0.31030189488385473 0.17363342334154333 0.11221144805083538
35 0.43292262868700554 0.6202496392018119 0.17195445458753625 0.11062167451188501
45 0.44553534610086404 0.7227706672049891 0.17195445458753625 0.11062167451188501
22 0.45900194976047876 0.8268678319776415 0.17195445458753641 0.11062167451188501
51 0.6429581933842085 0.9173815580316539 0.17357581586653262 0.10908644805083512
28 0.6311273528723428 0.812530416797952 0.1719832583250417 0.112184174511885
7 0.6176607492127281 0.7084332520252996 0.17192565085003117 0.109059174511885
53 0.6042229492906188 0.6058985872526472 0.17195445458753625 0.11062167451188501
19 0.5907563456310042 0.5018014224799948 0.17195445458753625 0.11062167451188501
27 0.5646914264262837 0.2959644797041653 0.17195445458753625 0.11062167451188501
33 0.578129226348393 0.3984991444768176 0.17195445458753625 0.11062167451188501
42 0.5512248227666691 0.19186731493151288 0.17195445458753625 0.11062167451188501
10 0.537772620975807 0.0885514001588605 0.1736046196040379 0.11064894805083533
18 0.816733761512574 0.9030714163909149 0.17195445458753625 0.11062167451188501
1 0.8032527559842069 0.7981930016182626 0.17360461960403809 0.11064894805083547
21 0.7897861523245922 0.6940958368456102 0.17195445458753625 0.11062167451188501
0 0.7779985174189845 0.591588445611908 0.1736046196040379 0.11064894805083547
50 0.7628817487428683 0.48746400730030537 0.17528358835804497 0.11223872158978576
37 0.7510797119685079 0.38417536606660335 0.17192565085003117 0.109059174511885
38 0.7384669945546494 0.2816543380634261 0.1735758158665328 0.10908644805083538
8 0.7250003908950348 0.17755717329077375 0.17357581586653262 0.10908644805083538
30 0.7115481891041727 0.07424125851812137 0.1735758158665328 0.10908644805083537
26 0.951440968665335 0.8866942142795946 0.09711806266933 0.10654210064862327
39 0.9455399502781549 0.7834873936627434 0.1089200994436902 0.10670574188232518
11 0.9379887668744732 0.6802532995069421 0.12402246625105372 0.10692393019392785
25 0.9312482641102893 0.5762515921206159 0.1375034717794214 0.10867734496658024
24 0.9261867301001125 0.4738396582732401 0.1476265397997749 0.10725121266133186
47 0.9174583412601214 0.37130499350058765 0.16202466075102126 0.108895533278183
44 0.9048168201087576 0.26722146549741044 0.16037449573451962 0.10886825973923261
3 0.8913358145803904 0.16234305072475808 0.16037449573451962 0.10886825973923261
49 0.8787807046415426 0.06294702272158087 0.1602016733094877 0.09949325973923265
15 0.47080398653483907 0.9301564732113434 0.17363342334154333 0.11221144805083512
46 0.24731622004677428 0.529708639608849 0.17195445458753633 0.11062167451188501
4 0.2069452128054357 0.2189796452908918 0.17195445458753633 0.11062167451188501
52 0.07740078093206129 0.4402079886359143 0.14057251553649966 0.10854097727182861