32 0.02315186901522867 0.8837580573706945 0.04630373803045734 0.16126611474138883
14 0.09814374785818002 0.8929713628415279 0.11682723118880876 0.1633377610179167
40 0.20828208677400079 0.9040017414506252 0.116673515847067 0.1602127610179167
9 0.3143718708194383 0.9133787010817711 0.11667351584706709 0.1602127610179167
23 0.4246254962415654 0.9205888495909551 0.11675037351793778 0.1588223008180897
41 0.6435210109047533 0.9304382613022572 0.11479277781795282 0.13912347739548564
36 0.7531032691603713 0.9347633918112155 0.11613551215097094 0.13047321637756895
5 0.861822016072303 0.9398697723201739 0.11575122379661655 0.12026045535965224
2 0.03292404545826982 0.7213853439398263 0.06584809091653963 0.16152068787965276
17 0.11851318325251314 0.7307441197753821 0.11667351584706705 0.1602127610179167
29 0.22629156114988774 0.7393761969977085 0.116673515847067 0.1602127610179167
16 0.33477973504920683 0.7503702080156252 0.11832368086356874 0.16024912860909737
48 0.5544234745497747 0.7685065314382296 0.11675037351793797 0.1617752610179167
34 0.6646386711364664 0.7779744100473269 0.11675037351793778 0.1617752610179167
31 0.8817687342768462 0.7968374320831605 0.11502335083056545 0.16017639342673623
12 0.8996244933109915 0.6353368876302439 0.11667351584706709 0.1602127610179167
20 0.7911747482471078 0.6235616266123271 0.11667351584706709 0.1602127610179167
43 0.46457771335741616 0.5968114097629865 0.11510020850143614 0.16173889342673622
13 0.5747929099441078 0.6062792883720839 0.11675037351793797 0.1617752610179167
6 0.6817077764977962 0.61567443179882 0.11840053853443944 0.16181162860909737
35 0.3552260281144108 0.5865804649494795 0.11667351584706709 0.1602127610179167
45 0.24666099654422086 0.5771489539315627 0.11667351584706709 0.1602127610179167
22 0.1364457999575292 0.5676810753224654 0.11667351584706705 0.1602127610179167
51 0.05207507150794441 0.3959859536472223 0.10415014301588882 0.16173889342673622
28 0.15689209302273321 0.40389133225631957 0.11832368086356865 0.16024912860909737
7 0.2670688607739894 0.41414046086541684 0.11502335083056545 0.16017639342673623
53 0.37480880983592857 0.4235537880877434 0.116673515847067 0.1602127610179167
19 0.4850240064226202 0.43302166669684067 0.11667351584706709 0.1602127610179167
27 0.701290558219314 0.4526477549370839 0.11667351584706709 0.1602127610179167
33 0.5935890379928102 0.44245317771475745 0.11667351584706709 0.1602127610179167
42 0.8115057548060055 0.46211563354618124 0.11667351584706709 0.1602127610179167
10 0.9200707863761955 0.471547144564098 0.11675037351793778 0.1617752610179167
18 0.06708476066581012 0.23141496058107647 0.11667351584706702 0.1602127610179167
1 0.17729995725250175 0.24088283919017375 0.11675037351793788 0.1617752610179167
21 0.28669007133094254 0.2503325340036808 0.11667351584706709 0.1602127610179168
0 0.3953319605720034 0.25820154502159753 0.11675037351793788 0.16177526101791678
50 0.5054318706523888 0.2700131736306949 0.1184773962053105 0.16337412860909728
37 0.6132486773851987 0.2778640008530213 0.11502335083056545 0.16017639342673623
38 0.7218137089553888 0.2872955118709381 0.11510020850143614 0.16173889342673622
8 0.8319904767066449 0.29754464048003537 0.11510020850143632 0.16173889342673622
30 0.93560501322733 0.30686704872441045 0.10849954843542954 0.1615934230620139
26 0.08808713439121689 0.0731121513105209 0.11425477412185665 0.1445513934267362
39 0.19684431013858403 0.07863741232843766 0.11456220480534017 0.1508013934267362
11 0.307174793231582 0.08576154093753498 0.11502335083056545 0.1601763934267362
25 0.41573982480177196 0.09519305195545172 0.11675037351793788 0.16177526101791678
24 0.5243817140428328 0.10306206297336847 0.11494649315969456 0.1586138934267362
47 0.6320448054339011 0.11403789019569495 0.11667351584706709 0.16021276101791676
44 0.7422984308560282 0.12272451880479227 0.11675037351793778 0.16177526101791675
3 0.8525136274427199 0.13219239741388958 0.11675037351793778 0.1617752610179167
49 0.9512160977493354 0.14062445288472297 0.093571205616044 0.15970361474138897
15 0.04350208999184407 0.5598120643045487 0.08700417998368815 0.16181162860909737
46 0.4449949316358984 0.7598380866247225 0.11667351584706709 0.1602127610179167
4 0.7731268450357855 0.7889684210652437 0.11667351584706709 0.1602127610179167
52 0.5331136701408844 0.9260858550999135 0.11675037351793778 0.14782828980017299